0
1
3
1
-2
-5
-7
-8
-6
-2
4
9
12
13
10
7
1
-1
-4
-1
0
9
12
21
20
25
19
23
14
20
13
22
15
25
15
23
9
17
3
12
1
13
4
14
4
10
-3
-3
-15
-19
-27
-34
-36
-49
-46
-67
-57
-85
-64
-93
-51
-31
77
764
1499
-2241
-6129
-7974
-7188
-2421
4792
12561
17374
17327
11446
1563
-9661
-18527
-22563
-20312
-12590
-1372
10071
18773
22300
19966
12576
2528
-7281
-14105
-16412
-14133
-8715
-2432
2414
4353
3226
128
-3060
-4514
-3117
1018
6675
11860
14671
13828
9306
2226
-5375
-11358
-14157
-13349
-9597
-4392
634
4135
5578
5169
3665
1911
553
-141
-252
-109
-15
-127
-379
-608
-645
-415
32
541
934
1086
958
618
179
-258
-628
-907
-1070
-1120
-1061
-870
-538
-89
400
824
1100
1160
988
630
176
-262
-591
-755
-745
-588
-339
-58
198
391
495
504
423
265
58
-165
-363
-495
-532
-459
-284
-41
219
441
573
587
476
269
10
-244
-441
-543
-533
-421
-238
-25
176
326
403
401
329
206
59
-84
-199
-269
-286
-252
-174
-69
44
143
212
236
209
135
30
-83
-179
-233
-230
-168
-61
64
176
243
247
186
78
-47
-155
-218
-222
-170
-80
20
103
149
153
121
66
7
-42
-72
-82
-73
-51
-23
8
36
55
61
50
22
-17
-57
-87
-93
-71
-23
41
101
141
146
113
47
-35
-112
-166
-182
-157
-97
-15
69
139
178
180
144
79
-1
-81
-142
-172
-164
-121
-52
27
97
142
153
128
75
9
-55
-102
-121
-113
-80
-33
18
61
90
99
89
61
22
-22
-63
-91
-102
-91
-61
-20
25
64
88
93
82
59
29
-2
-32
-54
-68
-72
-66
-47
-19
11
33
43
41
32
20
12
13
12
-1
-33
-77
-111
-104
-31
112
289
430
448
283
-67
-525
-943
-1148
-1006
-486
307
1148
1756
1893
1458
536
-615
-1641
-2212
-2140
-1440
-337
820
1676
1990
1706
967
46
-758
-1220
-1257
-937
-429
71
413
540
482
326
165
60
19
9
-15
-76
-169
-257
-293
-247
-116
60
224
323
326
237
89
-68
-185
-234
-215
-147
-59
23
78
102
98
77
50
20
-5
-24
-33
-32
-22
-7
6
12
7
-9
-28
-42
-42
-24
7
43
70
78
64
30
-13
-51
-74
-75
-58
-30
0
24
38
43
44
42
38
31
15
-8
-37
-66
-83
-83
-60
-18
33
79
108
110
84
39
-15
-63
-93
-100
-86
-56
-20
14
40
56
62
59
51
38
21
2
-19
-38
-53
-60
-58
-44
-23
3
29
49
59
58
45
24
-1
-25
-42
-49
-45
-32
-13
6
22
31
33
28
18
7
-3
-11
-16
-19
-20
-19
-16
-11
-3
8
18
25
28
25
15
2
-13
-24
-29
-27
-18
-5
7
17
21
20
14
6
-3
-10
-13
-13
-9
-3
4
10
12
11
6
-1
-10
-17
-20
-18
-10
3
16
27
32
28
16
-2
-21
-35
-40
-35
-20
-1
18
30
33
29
19
8
2
-1
-4
-9
-17
-27
-36
-37
-25
-1
28
51
59
49
23
-11
-42
-58
-62
-59
-54
-49
-33
8
88
203
323
394
354
161
-178
-591
-949
-1105
-944
-444
304
1100
1692
1862
1506
682
-391
-1402
-2043
-2116
-1602
-667
395
1266
1706
1631
1127
404
-287
-746
-887
-747
-452
-151
44
102
64
11
17
110
256
382
411
303
76
-201
-433
-538
-478
-280
-14
229
377
397
301
140
-20
-130
-169
-146
-91
-36
-6
-6
-23
-38
-34
-8
34
75
99
97
70
28
-17
-52
-70
-72
-63
-47
-29
-11
7
25
43
57
63
58
41
15
-15
-44
-64
-72
-67
-51
-25
7
40
68
87
90
74
40
-8
-59
-101
-122
-114
-77
-19
45
97
123
116
80
26
-29
-68
-81
-68
-36
1
30
41
29
2
-32
-57
-65
-50
-14
33
78
109
114
92
45
-16
-77
-123
-142
-130
-87
-25
42
98
130
130
100
50
-6
-54
-83
-89
-74
-46
-15
9
22
26
24
21
21
25
30
30
22
4
-18
-39
-52
-51
-37
-13
13
32
39
35
22
6
-5
-9
-6
0
3
0
-10
-22
-31
-31
-18
4
31
54
63
54
28
-9
-46
-74
-82
-70
-39
2
41
70
81
72
47
12
-23
-51
-66
-66
-50
-23
8
36
54
61
52
31
2
-28
-52
-65
-62
-43
-11
27
59
79
81
61
20
-30
-74
-99
-99
-74
-33
8
33
36
28
28
57
127
223
306
317
203
-54
-417
-789
-1034
-1022
-681
-42
754
1479
1892
1814
1206
197
-943
-1884
-2337
-2156
-1389
-266
879
1714
2021
1758
1063
191
-579
-1042
-1126
-894
-504
-128
115
195
163
115
129
230
375
475
447
255
-64
-414
-673
-744
-592
-265
129
463
638
614
420
138
-128
-301
-348
-287
-167
-48
29
49
31
6
2
30
78
122
138
110
45
-37
-108
-145
-139
-96
-36
20
57
68
60
43
29
23
23
22
13
-6
-34
-61
-78
-78
-58
-22
21
61
89
100
91
65
27
-18
-62
-98
-120
-121
-97
-51
11
77
130
158
152
111
44
-35
-105
-151
-162
-136
-80
-9
60
109
130
119
81
28
-26
-66
-84
-76
-47
-9
24
41
37
15
-14
-37
-42
-25
10
51
81
87
62
11
-50
-102
-127
-115
-69
-3
63
111
128
110
67
13
-38
-74
-90
-87
-70
-43
-12
20
50
73
85
81
59
19
-29
-74
-102
-104
-77
-29
28
75
98
92
58
11
-36
-67
-74
-56
-23
14
42
53
46
24
-3
-27
-41
-41
-29
-10
10
26
32
30
20
6
-7
-16
-17
-13
-5
3
8
6
0
-9
-16
-18
-13
-3
10
22
29
28
22
13
3
-6
-16
-23
-31
-39
-43
-39
-23
0
25
42
44
30
7
-7
9
61
139
211
232
159
-28
-301
-589
-788
-793
-544
-57
565
1148
1501
1476
1027
241
-680
-1473
-1900
-1823
-1256
-363
594
1340
1676
1539
1015
300
-374
-820
-952
-799
-480
-144
90
175
141
65
31
81
203
334
394
327
131
-140
-395
-543
-531
-360
-90
185
381
444
376
218
35
-109
-179
-178
-135
-85
-56
-53
-65
-66
-36
27
106
173
198
169
92
-11
-107
-166
-174
-136
-72
-6
42
63
60
46
33
31
39
48
48
31
-3
-46
-86
-109
-105
-75
-24
34
85
118
126
108
67
13
-46
-98
-133
-145
-128
-84
-18
57
125
170
180
150
85
-1
-88
-155
-185
-172
-120
-42
39
105
138
132
92
32
-28
-68
-77
-53
-7
44
77
77
41
-22
-90
-138
-144
-103
-24
69
145
181
163
99
10
-76
-133
-146
-117
-61
0
49
73
72
55
32
12
-1
-10
-20
-32
-45
-52
-46
-23
14
55
86
94
73
27
-33
-86
-117
-115
-80
-22
40
90
113
105
71
22
-27
-62
-78
-73
-52
-23
6
27
39
41
34
23
10
-4
-15
-24
-29
-28
-22
-10
7
24
38
43
37
21
-2
-28
-48
-57
-53
-36
-9
21
47
62
61
45
20
-8
-31
-42
-38
-26
-12
0
2
-4
-16
-25
-23
-12
5
20
29
31
31
42
72
117
161
169
110
-35
-252
-489
-662
-683
-493
-93
439
962
1308
1338
994
331
-490
-1241
-1699
-1718
-1281
-506
388
1147
1566
1549
1136
477
-219
-757
-1014
-971
-698
-323
28
266
365
353
288
221
179
153
117
43
-73
-211
-325
-369
-319
-182
7
190
312
342
280
160
24
-85
-144
-153
-129
-99
-79
-72
-67
-49
-6
60
132
185
197
157
72
-33
-128
-185
-189
-146
-74
2
58
84
82
64
44
33
32
35
32
14
-19
-60
-93
-106
-91
-50
7
63
102
115
99
62
15
-29
-61
-78
-81
-75
-60
-40
-12
21
58
91
110
109
83
35
-26
-86
-128
-143
-124
-78
-15
49
100
127
124
97
53
4
-39
-69
-83
-83
-72
-55
-34
-11
15
43
69
89
95
82
49
-1
-56
-101
-124
-116
-79
-23
37
85
109
104
76
35
-6
-38
-56
-61
-58
-51
-42
-31
-14
12
46
79
103
104
77
25
-42
-107
-150
-156
-122
-54
32
112
165
177
144
77
-8
-88
-143
-162
-142
-89
-19
50
102
127
120
86
36
-18
-62
-89
-95
-80
-50
-12
27
59
80
85
73
46
8
-34
-72
-97
-101
-83
-44
6
57
96
113
104
71
25
-23
-63
-86
-88
-72
-46
-20
1
17
26
33
39
46
48
39
18
-10
-32
-35
-7
51
119
163
144
38
-151
-377
-564
-622
-487
-150
328
820
1169
1236
958
374
-374
-1079
-1530
-1587
-1224
-541
265
965
1371
1390
1054
494
-108
-581
-818
-802
-594
-302
-31
150
225
221
188
165
166
176
164
106
-3
-140
-262
-325
-301
-195
-38
121
237
281
251
168
67
-22
-83
-114
-125
-126
-126
-122
-103
-60
9
91
167
214
213
161
70
-37
-131
-190
-203
-171
-111
-40
25
74
103
117
119
110
89
56
9
-46
-99
-138
-152
-132
-83
-13
59
117
146
143
110
60
5
-42
-75
-95
-104
-104
-97
-79
-45
8
73
138
185
195
159
78
-30
-136
-211
-232
-193
-106
2
98
156
163
125
61
-4
-47
-59
-45
-20
0
3
-13
-37
-53
-48
-17
32
81
110
104
61
-8
-80
-131
-143
-112
-49
27
91
125
123
91
41
-8
-44
-63
-68
-64
-58
-53
-44
-25
6
49
95
128
135
107
46
-34
-113
-169
-186
-156
-89
-1
87
152
181
169
122
50
-29
-98
-144
-157
-136
-86
-18
50
104
130
122
84
28
-30
-74
-94
-87
-58
-20
17
43
53
50
40
27
15
3
-9
-24
-42
-58
-64
-56
-29
10
54
88
100
84
43
-10
-58
-87
-88
-64
-23
15
37
38
22
0
-16
-16
1
26
46
51
41
23
11
14
31
46
33
-29
-143
-284
-399
-425
-310
-46
325
704
968
1005
761
265
-369
-969
-1360
-1414
-1103
-503
219
865
1261
1316
1040
541
-22
-491
-758
-790
-631
-370
-105
93
196
222
208
192
191
196
181
120
8
-134
-266
-343
-332
-228
-61
121
265
334
315
222
88
-46
-149
-204
-213
-186
-136
-76
-15
44
97
138
160
156
124
69
3
-60
-107
-131
-132
-114
-86
-51
-11
31
77
119
148
153
124
62
-25
-115
-183
-208
-179
-103
-2
98
167
190
167
110
41
-21
-64
-88
-99
-106
-114
-119
-112
-79
-16
72
167
241
269
235
141
7
-133
-244
-297
-282
-205
-91
29
128
187
201
176
126
66
8
-41
-79
-104
-115
-111
-89
-50
0
53
96
118
112
80
28
-30
-78
-105
-106
-82
-42
3
44
72
84
79
63
38
9
-20
-47
-68
-81
-82
-70
-44
-6
38
80
112
123
110
73
16
-50
-110
-150
-162
-140
-87
-14
65
133
176
183
151
88
6
-77
-142
-176
-170
-128
-61
14
79
121
130
110
69
21
-21
-50
-63
-60
-49
-35
-19
-4
13
31
49
60
59
41
7
-36
-78
-105
-107
-79
-26
38
97
133
138
111
59
-4
-60
-99
-116
-113
-92
-62
-29
4
37
70
97
112
110
86
45
-6
-48
-68
-59
-31
-3
-1
-43
-129
-232
-303
-291
-159
90
406
697
856
800
500
7
-561
-1043
-1290
-1212
-813
-195
474
1009
1266
1188
820
286
-249
-641
-806
-741
-510
-216
42
201
250
221
162
117
104
112
113
81
6
-97
-195
-249
-238
-160
-39
88
185
226
212
155
79
5
-56
-100
-130
-152
-160
-147
-106
-35
53
140
202
218
182
105
10
-77
-133
-151
-135
-102
-67
-42
-26
-9
18
62
115
162
180
153
80
-25
-134
-215
-242
-207
-120
-7
100
174
201
182
131
66
3
-52
-95
-130
-156
-170
-161
-120
-42
66
182
277
320
291
187
25
-156
-311
-398
-393
-294
-126
69
243
354
378
315
186
27
-122
-227
-269
-248
-177
-80
17
93
136
144
125
87
43
1
-33
-57
-71
-74
-67
-50
-26
2
30
52
64
62
49
28
4
-18
-34
-44
-49
-49
-45
-36
-20
3
33
66
95
108
98
61
0
-73
-139
-179
-177
-130
-44
60
153
211
217
167
75
-33
-128
-185
-191
-148
-74
10
77
114
114
86
42
0
-30
-43
-41
-30
-19
-9
-2
5
14
27
38
42
34
12
-21
-56
-83
-91
-77
-41
9
60
100
119
113
84
40
-11
-56
-90
-105
-103
-87
-62
-31
2
36
67
93
111
114
96
57
3
-53
-97
-114
-101
-66
-26
-5
-17
-62
-118
-146
-111
8
196
403
555
576
422
103
-311
-704
-952
-965
-717
-266
265
727
991
990
741
331
-112
-463
-642
-631
-474
-246
-28
125
197
202
172
138
113
94
67
22
-40
-103
-147
-155
-120
-55
17
74
101
97
75
51
37
35
36
25
-8
-61
-120
-163
-171
-134
-58
38
127
185
200
173
115
43
-26
-82
-122
-145
-152
-142
-112
-61
9
86
154
197
200
161
85
-11
-104
-173
-204
-193
-145
-72
10
85
141
171
174
150
102
37
-38
-113
-176
-213
-215
-175
-94
19
144
253
319
319
244
104
-73
-246
-372
-416
-362
-220
-25
176
332
406
382
272
106
-70
-213
-294
-301
-242
-141
-26
77
149
183
179
145
91
27
-36
-91
-128
-141
-127
-88
-30
34
91
128
135
111
65
6
-50
-92
-112
-107
-82
-43
0
40
70
86
87
72
44
8
-30
-63
-83
-88
-74
-45
-6
34
69
91
94
80
48
4
-43
-84
-108
-109
-84
-38
18
72
107
116
95
50
-7
-59
-94
-104
-87
-50
-5
38
69
85
85
73
51
20
-16
-55
-93
-121
-130
-114
-69
-1
77
147
189
189
145
66
-28
-114
-168
-178
-145
-85
-17
38
66
68
51
31
23
31
49
66
68
47
4
-46
-87
-104
-92
-60
-28
-14
-24
-52
-73
-60
7
125
263
369
389
292
80
-199
-466
-636
-646
-482
-184
163
460
625
621
464
215
-42
-237
-331
-325
-252
-159
-83
-38
-15
7
47
107
169
207
195
125
13
-108
-197
-227
-187
-97
11
100
144
137
93
36
-8
-27
-22
-6
5
0
-23
-56
-85
-95
-81
-45
6
58
101
127
133
116
80
27
-37
-100
-149
-172
-159
-109
-33
52
124
163
162
123
60
-9
-65
-98
-105
-92
-66
-35
-5
24
50
72
84
81
60
21
-27
-75
-108
-116
-96
-52
7
66
114
140
138
110
57
-14
-90
-158
-199
-202
-157
-70
44
157
241
270
233
138
8
-122
-219
-260
-237
-161
-54
54
141
189
195
163
104
31
-44
-109
-154
-172
-159
-115
-46
34
109
163
183
166
115
42
-36
-103
-146
-160
-145
-104
-49
13
70
115
139
139
110
59
-8
-77
-132
-158
-146
-96
-20
65
135
172
165
115
36
-51
-123
-162
-159
-119
-54
18
79
114
120
99
60
15
-26
-54
-67
-64
-51
-32
-13
4
17
28
37
45
51
51
41
20
-14
-54
-92
-116
-117
-89
-34
37
106
156
172
147
87
7
-73
-133
-159
-147
-104
-45
12
53
74
77
69
60
54
50
41
20
-17
-63
-104
-124
-110
-62
6
70
106
97
48
-21
-75
-85
-39
51
149
210
198
102
-55
-222
-337
-355
-263
-87
114
273
341
302
179
25
-104
-166
-154
-90
-16
29
25
-18
-71
-96
-72
1
95
171
191
142
36
-88
-186
-222
-184
-89
29
126
173
160
101
24
-41
-74
-70
-40
-3
21
24
5
-25
-53
-68
-63
-39
0
44
85
113
120
101
56
-10
-82
-142
-172
-160
-105
-22
68
139
170
154
102
31
-35
-78
-92
-81
-58
-36
-22
-14
-6
9
34
62
82
80
49
-5
-67
-115
-130
-102
-37
47
122
165
161
112
31
-59
-134
-176
-177
-141
-77
1
78
141
177
182
150
88
4
-83
-155
-193
-187
-137
-58
30
105
148
152
123
73
19
-26
-56
-72
-77
-77
-72
-61
-40
-7
35
77
107
116
98
57
2
-53
-93
-111
-104
-78
-40
-1
35
64
82
89
83
61
24
-24
-74
-113
-129
-112
-63
8
85
145
170
152
92
6
-83
-152
-182
-166
-109
-29
54
119
151
145
109
52
-8
-60
-93
-104
-95
-70
-36
0
34
60
75
79
69
49
19
-15
-48
-74
-88
-87
-68
-35
8
53
90
112
110
83
36
-23
-79
-117
-128
-106
-59
1
56
92
99
80
43
3
-26
-36
-30
-14
1
5
-3
-19
-35
-41
-34
-16
5
20
26
24
21
27
45
70
85
75
27
-53
-145
-215
-229
-169
-43
115
253
320
287
160
-21
-196
-304
-309
-211
-48
119
231
253
183
57
-73
-157
-167
-109
-13
75
119
104
40
-43
-107
-126
-94
-25
52
109
126
102
50
-9
-55
-75
-70
-49
-23
-2
10
13
12
11
11
10
9
6
4
4
8
13
17
14
3
-16
-35
-46
-42
-22
8
38
55
51
25
-12
-47
-65
-57
-27
16
55
77
74
48
9
-29
-54
-62
-56
-41
-26
-15
-7
2
16
39
65
86
93
77
37
-20
-80
-129
-150
-139
-95
-30
42
105
144
153
131
84
25
-36
-85
-112
-116
-97
-62
-21
16
41
52
49
39
29
23
24
28
30
22
3
-25
-56
-80
-87
-74
-41
3
48
82
96
87
57
16
-25
-57
-72
-68
-48
-17
15
40
54
51
35
8
-21
-46
-60
-58
-41
-12
22
54
74
77
62
32
-7
-44
-71
-82
-73
-49
-15
21
49
63
62
48
26
2
-17
-29
-32
-29
-23
-18
-16
-15
-12
-4
11
32
53
68
67
46
7
-43
-90
-119
-117
-81
-19
53
115
147
139
91
18
-59
-117
-140
-122
-72
-7
53
91
97
75
36
-5
-35
-46
-39
-21
-1
12
14
7
-4
-14
-19
-17
-11
-4
1
6
14
26
42
57
62
48
10
-48
-111
-156
-162
-117
-25
91
195
251
234
143
2
-146
-251
-280
-221
-95
56
180
238
214
123
2
-103
-157
-146
-82
5
78
109
89
30
-40
-93
-109
-84
-29
34
82
101
89
55
13
-24
-47
-54
-49
-37
-24
-12
0
11
21
28
29
23
11
-4
-15
-20
-19
-13
-6
-2
1
3
7
16
27
37
39
28
3
-30
-62
-82
-81
-57
-15
33
73
95
93
70
33
-7
-42
-66
-76
-74
-62
-43
-18
11
43
73
96
104
92
58
5
-57
-113
-148
-151
-119
-57
20
93
144
160
139
87
19
-46
-93
-114
-105
-75
-33
8
39
53
49
32
9
-13
-26
-25
-12
11
35
53
56
41
10
-29
-67
-91
-93
-72
-32
18
63
92
98
81
46
4
-33
-55
-60
-47
-25
-3
11
12
2
-14
-28
-32
-22
2
32
60
75
72
50
14
-27
-62
-81
-81
-62
-29
8
40
59
62
49
24
-4
-27
-40
-38
-24
-2
18
31
30
17
-5
-26
-38
-36
-19
9
37
55
55
35
2
-36
-66
-76
-63
-30
15
58
85
89
68
28
-21
-64
-90
-94
-75
-39
5
46
75
88
83
63
32
-4
-38
-64
-79
-79
-64
-38
-5
26
50
61
57
42
21
3
-7
-6
3
12
12
-2
-31
-66
-94
-100
-77
-23
49
120
169
175
134
52
-49
-142
-199
-202
-150
-58
47
133
176
166
112
33
-43
-94
-106
-83
-39
7
37
43
27
0
-24
-35
-29
-9
13
31
37
32
20
8
-1
-6
-9
-12
-17
-23
-27
-25
-14
5
25
40
43
32
10
-18
-41
-52
-49
-31
-4
23
45
56
54
42
23
0
-22
-40
-53
-59
-56
-46
-28
-3
25
53
75
85
81
60
25
-18
-61
-94
-109
-101
-72
-26
25
72
102
111
96
63
18
-28
-67
-91
-97
-86
-59
-24
15
50
75
86
82
62
31
-5
-39
-63
-73
-67
-48
-21
7
30
42
42
31
16
0
-10
-13
-9
1
10
14
12
3
-10
-23
-31
-31
-23
-10
6
19
28
30
27
20
11
3
-4
-8
-11
-13
-14
-15
-17
-19
-20
-19
-15
-5
8
25
41
53
55
46
24
-5
-37
-62
-75
-71
-51
-19
16
47
64
66
52
26
-4
-29
-45
-48
-38
-19
3
21
32
33
24
9
-6
-17
-21
-16
-5
7
15
15
7
-8
-23
-32
-31
-19
3
28
47
56
48
27
-4
-35
-58
-67
-60
-37
-6
27
53
67
65
48
22
-9
-35
-52
-55
-47
-31
-13
2
10
14
15
19
26
37
49
54
47
25
-10
-52
-90
-114
-116
-90
-42
20
82
132
156
148
108
44
-31
-101
-150
-166
-147
-95
-25
46
102
131
129
100
55
8
-30
-53
-61
-59
-51
-44
-36
-27
-13
7
29
49
61
58
42
16
-11
-30
-36
-29
-15
-1
5
0
-13
-28
-34
-27
-4
29
59
76
70
41
-5
-53
-88
-99
-82
-41
11
60
91
98
80
46
4
-35
-62
-75
-74
-62
-43
-19
8
36
63
83
91
83
55
12
-40
-87
-119
-126
-105
-59
1
61
106
126
118
85
35
-17
-60
-86
-91
-77
-51
-19
11
34
47
52
48
38
23
5
-14
-31
-41
-44
-38
-24
-6
13
30
41
44
39
27
9
-12
-32
-47
-52
-46
-29
-5
22
43
53
50
35
12
-13
-32
-42
-40
-29
-12
6
22
32
35
31
20
6
-11
-25
-35
-38
-33
-23
-8
6
17
25
29
31
31
29
25
17
4
-14
-33
-50
-59
-57
-43
-19
10
37
57
64
58
41
16
-11
-33
-47
-51
-43
-27
-7
12
27
34
33
25
14
2
-9
-18
-25
-28
-27
-20
-7
11
29
44
50
43
24
-6
-38
-64
-77
-72
-48
-10
33
69
91
91
71
34
-9
-48
-75
-84
-74
-48
-15
18
42
53
50
35
15
-5
-18
-21
-14
-1
13
21
19
6
-15
-38
-55
-59
-45
-14
25
64
91
96
77
38
-13
-61
-94
-105
-91
-58
-15
26
56
71
70
57
38
17
0
-14
-24
-33
-41
-46
-45
-37
-20
4
32
55
66
61
40
9
-24
-49
-59
-51
-29
0
24
37
35
20
0
-16
-22
-16
-1
14
23
21
7
-13
-31
-40
-34
-15
12
37
52
53
39
14
-15
-40
-54
-56
-47
-29
-8
12
29
43
52
55
52
41
20
-9
-42
-71
-90
-90
-70
-32
16
62
95
106
92
57
11
-35
-70
-86
-80
-56
-22
13
42
59
60
49
28
3
-20
-37
-45
-43
-34
-20
-4
10
22
29
32
31
27
18
6
-8
-22
-33
-38
-34
-22
-3
18
35
43
39
23
0
-23
-40
-47
-40
-22
1
24
39
44
36
20
0
-19
-31
-33
-27
-15
0
14
23
27
24
14
1
-12
-23
-28
-26
-17
-4
11
24
31
30
21
6
-11
-25
-32
-30
-20
-5
9
20
25
22
16
7
0
-5
-7
-7
-8
-11
-14
-16
-15
-9
2
15
25
29
24
11
-4
-17
-22
-18
-7
5
13
13
3
-11
-24
-28
-22
-6
16
34
43
39
23
1
-21
-35
-38
-32
-18
-2
12
20
21
17
9
1
-6
-10
-11
-7
0
9
17
21
18
8
-9
-28
-44
-50
-43
-21
11
45
72
82
71
41
-1
-44
-77
-90
-80
-52
-13
26
54
66
60
42
18
-4
-18
-24
-24
-20
-17
-16
-15
-13
-8
2
16
30
38
37
25
4
-20
-40
-49
-43
-23
5
31
47
47
31
5
-23
-42
-47
-35
-12
14
33
39
31
13
-8
-24
-28
-20
-4
14
27
30
21
4
-15
-29
-35
-32
-21
-8
5
14
20
23
24
26
26
24
16
1
-19
-40
-55
-60
-50
-26
8
43
69
79
69
40
1
-38
-68
-81
-73
-47
-11
27
57
72
69
50
20
-13
-41
-57
-60
-48
-26
0
22
37
43
38
28
14
0
-11
-21
-27
-31
-32
-28
-18
-3
16
34
48
52
43
23
-5
-33
-55
-63
-55
-31
2
36
61
69
59
31
-7
-43
-68
-75
-62
-33
4
38
62
70
62
40
12
-16
-39
-51
-52
-42
-24
-2
18
32
39
35
23
7
-10
-23
-30
-30
-23
-11
2
14
24
29
29
24
14
0
-14
-26
-33
-32
-25
-13
1
14
23
27
27
22
14
5
-4
-12
-18
-22
-23
-21
-16
-9
-1
7
15
20
23
23
20
14
5
-4
-13
-20
-24
-23
-18
-10
-1
6
10
11
11
9
8
7
8
8
8
5
0
-6
-12
-17
-20
-21
-18
-13
-4
7
19
29
36
36
29
15
-4
-25
-41
-50
-48
-36
-16
8
30
45
50
44
30
10
-10
-25
-34
-34
-27
-16
-3
7
12
12
9
4
-1
-2
-1
3
6
8
7
4
1
0
1
4
7
7
3
-5
-16
-25
-29
-24
-12
4
19
29
30
24
12
0
-9
-12
-11
-7
-4
-4
-5
-7
-6
-3
3
10
15
16
11
2
-8
-16
-18
-13
-4
6
13
14
8
-1
-10
-16
-15
-7
5
18
25
23
13
-3
-20
-30
-31
-21
-2
18
34
40
32
14
-9
-29
-41
-40
-27
-8
12
26
30
24
12
0
-8
-9
-4
3
9
10
4
-6
-17
-24
-24
-17
-4
11
23
29
27
16
1
-14
-25
-27
-21
-9
7
21
31
32
24
9
-10
-29
-42
-47
-40
-23
1
26
46
56
52
36
13
-12
-33
-45
-46
-37
-23
-7
9
22
30
35
34
28
16
0
-18
-35
-47
-48
-39
-19
6
31
50
58
53
37
13
-14
-37
-52
-56
-50
-35
-12
12
34
50
55
49
33
9
-16
-36
-49
-49
-39
-21
0
20
32
35
30
19
7
-3
-8
-9
-8
-6
-5
-5
-6
-7
-7
-7
-5
-4
-2
-1
2
6
11
17
21
21
15
5
-8
-19
-25
-25
-19
-10
-1
6
8
7
6
7
9
13
15
13
7
-4
-16
-26
-28
-24
-13
2
15
23
26
24
19
12
5
-2
-9
-16
-23
-27
-26
-20
-10
4
15
22
23
19
12
4
0
-2
-1
-2
-4
-8
-11
-12
-9
-2
7
14
15
10
-1
-14
-23
-26
-19
-5
12
27
34
33
22
7
-10
-24
-31
-30
-23
-11
3
16
24
25
19
8
-5
-16
-22
-20
-11
0
12
19
19
14
4
-6
-14
-16
-13
-6
3
12
16
15
8
-3
-14
-22
-24
-17
-3
15
30
37
32
16
-6
-29
-43
-45
-33
-12
13
33
43
41
29
10
-8
-22
-28
-26
-19
-9
0
6
7
5
2
0
0
3
8
11
11
7
-1
-9
-14
-14
-7
4
15
21
20
11
-4
-19
-32
-37
-33
-21
-4
14
30
40
43
38
28
11
-7
-25
-39
-45
-41
-30
-12
6
21
30
30
24
14
4
-5
-10
-10
-8
-4
-1
2
3
2
2
1
0
-1
-1
-3
-5
-7
-10
-12
-11
-7
0
10
20
27
30
26
15
0
-16
-30
-38
-37
-29
-14
3
19
29
33
29
19
6
-8
-19
-24
-23
-15
-3
10
20
24
20
9
-6
-22
-31
-32
-22
-5
15
31
39
37
25
7
-10
-23
-30
-30
-24
-17
-9
-1
6
13
19
23
24
21
12
0
-12
-21
-25
-21
-13
-1
9
15
15
11
5
-2
-6
-8
-6
-3
0
2
3
3
2
1
-1
-2
-4
-5
-6
-5
-2
3
10
15
18
17
11
2
-9
-17
-21
-20
-16
-10
-4
0
1
1
2
5
12
20
26
27
22
9
-8
-25
-37
-40
-32
-16
3
21
32
34
26
12
-5
-19
-27
-27
-19
-6
8
20
25
24
16
5
-6
-16
-21
-22
-19
-13
-5
3
11
18
22
23
20
13
3
-9
-18
-24
-24
-19
-11
-3
4
7
8
8
8
9
12
15
16
13
5
-7
-19
-29
-32
-27
-15
2
18
31
35
30
18
2
-13
-24
-28
-25
-17
-7
3
11
15
15
13
9
6
3
1
0
-2
-4
-7
-10
-14
-15
-14
-10
-2
7
17
24
27
24
14
1
-15
-29
-37
-36
-26
-8
14
34
46
47
35
13
-13
-36
-49
-49
-37
-16
8
27
36
36
26
13
0
-8
-11
-10
-7
-6
-6
-9
-11
-10
-6
2
10
16
17
13
4
-5
-13
-15
-13
-6
2
10
15
16
14
9
2
-5
-13
-20
-25
-25
-20
-8
8
25
38
42
35
17
-7
-30
-45
-47
-36
-16
8
28
38
37
27
11
-3
-14
-18
-17
-13
-8
-4
-1
1
1
3
4
5
6
5
3
1
-1
-1
0
1
2
2
0
-3
-7
-10
-10
-8
-3
4
10
15
17
16
10
2
-7
-16
-22
-24
-21
-11
2
16
26
30
25
11
-6
-23
-33
-32
-21
-2
19
34
39
32
15
-7
-26
-37
-36
-25
-9
8
21
25
23
15
6
-2
-7
-9
-9
-8
-8
-8
-8
-5
0
6
13
17
18
14
6
-3
-12
-17
-18
-15
-9
-2
3
5
5
4
2
2
4
8
12
15
13
7
-3
-14
-23
-26
-22
-11
2
15
23
24
17
7
-4
-12
-15
-12
-6
0
3
3
-1
-6
-9
-8
-3
7
16
23
24
19
8
-5
-18
-27
-30
-26
-17
-5
7
16
21
22
18
12
6
-1
-6
-11
-14
-15
-14
-10
-4
3
10
15
16
13
6
-2
-8
-10
-8
-5
-2
-1
-4
-7
-9
-7
1
14
26
33
30
16
-7
-31
-48
-52
-41
-17
12
38
52
52
38
16
-8
-26
-36
-35
-27
-15
-3
6
11
14
14
12
10
7
3
0
-3
-5
-6
-6
-7
-7
-7
-4
0
7
13
18
18
13
3
-10
-21
-26
-25
-17
-4
8
17
20
17
9
1
-4
-5
-3
1
4
4
1
-4
-9
-12
-11
-7
-1
5
10
13
12
9
5
1
-4
-9
-13
-15
-16
-13
-7
2
11
18
23
22
17
8
-2
-11
-17
-20
-18
-14
-7
0
8
13
17
17
13
6
-4
-13
-19
-20
-15
-6
5
14
18
16
9
1
-7
-11
-10
-4
4
10
13
11
4
-6
-15
-22
-23
-18
-9
3
15
23
26
24
16
6
-5
-13
-16
-16
-12
-8
-4
-1
-1
0
0
2
5
8
10
10
8
5
1
-2
-4
-5
-6
-7
-7
-7
-6
-4
0
4
6
7
6
4
2
1
0
-1
-1
-3
-4
-5
-4
-1
4
9
12
11
6
-3
-11
-17
-18
-14
-7
1
8
11
12
10
7
5
4
4
4
3
0
-5
-11
-16
-18
-17
-13
-5
5
15
22
26
24
16
4
-9
-20
-26
-25
-18
-7
6
16
21
21
16
8
-1
-9
-15
-17
-16
-12
-6
0
6
10
12
12
11
9
7
5
3
0
-5
-12
-18
-22
-21
-15
-3
10
22
28
26
18
6
-7
-16
-20
-18
-13
-6
1
5
8
8
7
6
4
2
0
-2
-3
-3
-2
0
0
-1
-2
-4
-5
-3
1
6
9
10
7
1
-5
-10
-12
-9
-4
4
10
13
13
9
3
-4
-10
-14
-15
-13
-9
-4
1
6
9
11
12
12
11
10
8
5
0
-7
-13
-19
-21
-19
-13
-3
9
17
21
19
11
1
-8
-14
-14
-10
-3
3
7
7
5
2
1
3
6
8
7
3
-5
-14
-22
-24
-20
-11
3
16
25
28
25
16
4
-7
-15
-19
-19
-15
-9
-3
2
6
7
7
5
3
1
2
4
7
9
9
6
-1
-9
-16
-20
-18
-12
-2
7
14
16
12
5
-3
-9
-11
-9
-3
3
9
13
15
14
10
5
-1
-8
-15
-21
-24
-23
-17
-6
7
19
27
28
21
10
-4
-15
-21
-20
-13
-2
10
19
23
21
15
5
-6
-16
-23
-27
-26
-22
-14
-4
6
15
22
26
27
24
19
11
1
-8
-16
-22
-24
-23
-19
-13
-6
1
8
15
19
22
21
16
8
-1
-11
-19
-24
-24
-18
-9
4
16
25
29
26
18
5
-10
-23
-32
-35
-30
-19
-3
14
30
40
42
36
22
4
-15
-31
-41
-42
-35
-21
-4
13
24
29
27
20
11
3
-3
-6
-7
-8
-8
-8
-8
-6
-2
3
7
10
9
5
-2
-8
-12
-12
-7
0
7
12
12
9
4
0
-3
-4
-3
-4
-6
-8
-10
-10
-5
2
11
19
22
19
10
-2
-13
-21
-23
-19
-10
0
8
13
13
11
8
4
2
1
1
0
-1
-4
-7
-11
-12
-11
-7
0
7
12
14
13
8
1
-5
-8
-8
-6
-3
0
0
-1
-2
-3
-2
1
6
11
13
12
8
0
-9
-17
-21
-21
-17
-8
4
15
23
27
24
16
4
-9
-19
-24
-24
-19
-11
-2
6
12
16
18
18
16
11
4
-5
-14
-20
-22
-18
-9
1
9
14
13
8
1
-4
-7
-5
-2
3
5
5
2
-1
-4
-5
-3
2
8
11
12
8
1
-8
-15
-20
-20
-16
-8
2
13
22
27
26
20
8
-7
-22
-34
-38
-33
-20
0
20
36
44
40
28
10
-9
-24
-32
-31
-25
-16
-8
-1
3
7
10
14
17
19
18
13
5
-4
-12
-17
-17
-13
-8
-3
0
1
1
1
2
4
6
8
9
7
3
-2
-6
-8
-7
-3
2
7
9
9
5
0
-5
-10
-12
-12
-10
-7
-4
0
5
10
14
17
16
12
5
-3
-12
-17
-19
-15
-9
-1
6
9
9
7
4
2
1
3
4
5
4
0
-7
-13
-17
-17
-10
0
11
20
24
20
10
-3
-16
-23
-24
-17
-5
8
18
24
23
16
6
-5
-15
-22
-24
-21
-16
-7
4
15
25
30
30
23
9
-8
-25
-36
-39
-33
-18
2
21
34
38
33
21
6
-9
-19
-23
-24
-21
-17
-13
-7
0
10
21
30
34
31
19
1
-19
-36
-44
-41
-29
-10
9
25
33
34
28
19
9
1
-5
-9
-14
-18
-21
-23
-21
-17
-8
2
13
22
28
30
26
17
5
-9
-21
-30
-32
-28
-19
-6
8
20
27
29
26
19
9
0
-9
-16
-21
-23
-22
-18
-11
-1
10
19
24
23
16
5
-7
-16
-20
-19
-12
-3
7
15
19
20
17
12
5
-3
-12
-20
-26
-27
-24
-16
-4
9
20
26
26
21
12
3
-4
-8
-10
-10
-10
-11
-11
-8
-3
4
13
20
21
16
5
-9
-22
-29
-27
-17
-2
13
22
24
18
8
-4
-11
-13
-9
0
9
15
16
12
4
-6
-15
-21
-23
-21
-15
-8
0
8
14
18
21
21
19
15
9
1
-9
-18
-25
-29
-27
-19
-7
7
19
27
27
21
10
-3
-14
-21
-21
-14
-4
8
17
20
18
11
0
-9
-17
-20
-19
-13
-5
3
10
15
15
13
8
3
-1
-3
-4
-3
-2
-2
-2
-4
-4
-5
-4
-1
1
3
2
-1
-5
-9
-10
-7
0
11
23
30
30
22
6
-13
-30
-41
-42
-33
-18
1
18
30
35
34
27
16
2
-13
-25
-33
-34
-27
-14
4
20
32
36
30
17
1
-13
-24
-28
-26
-20
-12
-4
4
11
18
24
29
29
24
12
-4
-22
-37
-46
-46
-37
-20
1
23
40
49
49
39
23
5
-12
-25
-32
-34
-31
-27
-22
-15
-6
5
18
31
41
44
40
26
7
-13
-31
-42
-44
-39
-28
-14
1
15
27
35
38
36
27
12
-6
-24
-37
-42
-38
-25
-8
10
25
35
38
34
23
7
-10
-27
-39
-44
-40
-26
-6
17
36
47
47
38
20
-1
-20
-33
-39
-37
-28
-15
0
13
21
25
23
17
8
0
-6
-9
-9
-7
-5
-4
-5
-7
-7
-5
0
8
14
18
17
11
2
-8
-14
-17
-14
-9
-3
1
3
2
1
-1
0
3
7
11
12
10
6
1
-5
-8
-9
-8
-6
-5
-5
-5
-6
-5
-3
1
6
12
16
17
15
9
2
-6
-13
-17
-18
-15
-10
-4
1
6
9
11
10
9
7
4
1
-1
-4
-6
-7
-7
-6
-4
-1
2
6
8
9
7
4
-1
-6
-10
-12
-11
-7
-3
2
7
11
13
13
11
7
1
-7
-15
-19
-19
-14
-4
7
15
19
16
9
0
-7
-9
-7
-1
5
8
7
3
-4
-9
-12
-12
-9
-5
-1
2
4
7
10
13
14
12
6
-2
-11
-18
-20
-17
-8
3
14
21
23
18
9
-3
-15
-24
-29
-28
-20
-8
7
22
34
39
36
26
10
-8
-26
-39
-44
-41
-31
-14
5
24
37
43
40
29
14
-1
-13
-20
-21
-19
-16
-15
-16
-17
-16
-10
2
18
34
45
47
37
19
-4
-27
-43
-50
-48
-37
-21
-4
13
27
38
44
43
36
22
2
-20
-39
-52
-53
-43
-23
4
30
50
59
54
37
11
-17
-43
-59
-63
-53
-32
-2
30
56
71
70
53
24
-11
-42
-63
-67
-57
-34
-6
18
35
40
36
25
13
2
-5
-9
-11
-13
-14
-13
-11
-7
0
6
12
15
14
11
6
1
-3
-6
-8
-9
-10
-11
-11
-9
-5
0
6
12
16
18
17
14
8
1
-7
-15
-20
-21
-18
-11
0
9
16
17
11
1
-10
-17
-17
-11
1
14
24
28
25
14
1
-13
-24
-29
-29
-23
-13
-3
7
15
20
21
20
17
13
7
1
-6
-14
-20
-24
-23
-18
-8
4
15
24
26
22
13
1
-11
-18
-20
-17
-9
0
8
13
14
11
6
0
-4
-7
-8
-7
-6
-5
-4
-2
-1
2
4
7
9
9
7
3
-1
-4
-6
-5
-3
0
2
2
1
-1
-4
-5
-6
-6
-5
-4
-3
-1
2
7
12
17
19
16
9
0
-10
-18
-20
-17
-11
-3
3
5
4
1
-3
-6
-5
-1
6
13
19
20
18
11
2
-8
-18
-25
-29
-28
-22
-11
2
15
26
33
34
28
17
3
-10
-21
-27
-27
-23
-17
-9
-3
2
6
9
12
16
20
23
23
19
11
-1
-15
-27
-36
-38
-34
-23
-8
9
24
35
39
38
29
15
-1
-18
-31
-38
-36
-27
-11
7
23
33
35
28
14
-3
-20
-33
-38
-35
-23
-5
14
31
42
45
39
25
6
-14
-31
-42
-44
-38
-25
-8
9
22
29
29
23
13
3
-6
-10
-10
-7
-3
0
1
0
-3
-5
-6
-5
-2
2
6
9
10
9
6
2
-5
-12
-18
-21
-18
-10
2
17
29
34
30
18
-1
-20
-33
-36
-28
-12
7
22
29
26
14
-2
-17
-27
-28
-21
-8
7
21
30
32
29
20
8
-6
-18
-27
-32
-31
-25
-16
-6
4
12
19
23
26
26
24
19
10
-3
-17
-29
-36
-36
-27
-13
4
19
28
30
23
10
-4
-15
-19
-17
-9
2
11
16
16
11
4
-3
-7
-8
-7
-4
-3
-3
-5
-8
-9
-7
-3
3
9
13
14
11
7
2
-2
-4
-4
-2
0
1
0
-3
-6
-10
-12
-12
-10
-6
1
9
16
22
25
22
16
5
-7
-18
-25
-28
-25
-18
-7
3
12
16
17
14
9
4
0
-3
-3
-2
0
3
4
5
5
2
-4
-11
-18
-24
-25
-21
-10
6
24
38
44
40
26
6
-14
-30
-38
-36
-26
-13
0
8
10
7
3
1
3
10
20
28
31
26
14
-4
-22
-38
-48
-48
-40
-25
-5
15
32
44
50
47
37
20
0
-21
-37
-44
-42
-29
-12
6
19
24
20
11
-1
-9
-13
-11
-5
3
9
12
13
12
10
8
5
0
-6
-14
-21
-24
-23
-16
-5
8
18
24
23
17
7
-3
-10
-11
-8
-1
6
10
9
3
-6
-16
-22
-22
-15
-3
11
22
28
27
19
6
-8
-20
-26
-27
-21
-10
3
15
23
26
22
14
2
-9
-18
-22
-20
-14
-6
3
9
12
10
6
2
-2
-3
-2
0
4
6
7
6
3
-1
-4
-6
-6
-5
-4
-4
-6
-8
-10
-11
-7
-1
9
19
28
32
29
20
5
-10
-24
-32
-33
-27
-18
-8
2
10
14
16
14
11
6
1
-4
-6
-6
-3
2
7
9
9
5
-1
-7
-11
-11
-8
-2
3
7
6
3
-3
-9
-12
-11
-6
1
9
16
20
20
16
7
-3
-14
-22
-26
-24
-17
-6
6
16
22
22
18
10
2
-5
-9
-10
-9
-6
-3
-2
-2
-3
-4
-4
-3
-1
1
3
5
4
4
3
4
6
10
12
12
8
0
-11
-22
-29
-31
-25
-14
1
15
25
30
28
22
13
3
-5
-10
-13
-14
-13
-10
-7
-5
-3
-2
-1
-1
0
2
5
9
14
17
18
16
9
0
-12
-23
-31
-34
-30
-21
-6
10
25
35
39
36
27
14
0
-14
-25
-32
-34
-32
-24
-13
0
13
24
28
27
20
9
-3
-12
-16
-14
-8
0
9
15
17
14
7
-3
-13
-21
-24
-23
-16
-6
4
11
14
13
8
4
1
2
6
11
16
17
13
4
-8
-20
-30
-34
-31
-21
-6
10
25
34
36
30
16
-1
-19
-31
-36
-32
-20
-2
15
30
37
35
27
12
-3
-17
-26
-29
-27
-21
-12
-4
3
8
12
13
14
13
11
8
3
-2
-6
-8
-7
-4
0
4
7
7
5
0
-6
-13
-18
-20
-19
-14
-4
9
22
33
38
35
24
6
-14
-32
-43
-44
-36
-21
-1
17
31
38
36
27
13
-3
-18
-27
-29
-25
-14
-1
12
20
22
17
7
-4
-13
-17
-15
-7
2
10
13
11
3
-5
-12
-13
-9
0
10
16
17
13
3
-7
-14
-17
-14
-8
0
6
9
8
6
2
-2
-4
-4
-2
1
4
6
6
4
0
-5
-10
-12
-10
-5
2
10
16
18
14
7
-3
-13
-19
-19
-15
-6
3
11
15
15
11
4
-3
-9
-12
-11
-8
-4
2
6
9
10
10
9
6
3
-1
-5
-9
-12
-13
-13
-10
-7
-2
4
9
14
17
17
15
11
5
-1
-8
-15
-21
-25
-27
-25
-18
-6
9
25
39
45
43
31
12
-10
-30
-43
-45
-38
-23
-6
11
21
26
23
17
9
1
-3
-5
-4
-2
0
2
2
0
-2
-4
-6
-6
-6
-4
-2
-1
-1
-1
-1
0
0
2
4
6
8
10
11
12
11
9
3
-5
-14
-23
-30
-31
-26
-15
0
16
29
36
36
29
17
1
-14
-26
-32
-31
-24
-13
1
14
24
29
29
22
11
-3
-16
-25
-28
-24
-15
-3
6
12
13
9
5
1
1
2
5
7
6
2
-3
-7
-8
-4
1
7
9
5
-2
-12
-20
-23
-19
-10
2
14
24
28
28
25
18
9
-2
-14
-25
-34
-38
-34
-23
-7
12
27
35
35
28
15
1
-11
-18
-21
-19
-13
-5
2
8
11
10
6
1
-4
-5
-3
1
6
9
8
2
-6
-15
-20
-20
-13
-2
10
19
22
20
13
5
-2
-7
-9
-9
-9
-8
-7
-7
-5
-3
1
5
9
13
14
13
10
3
-4
-12
-17
-19
-17
-12
-3
6
13
17
16
11
5
-1
-5
-6
-5
-3
1
3
4
2
-1
-5
-9
-12
-12
-9
-3
4
12
16
17
14
9
2
-3
-6
-6
-6
-6
-7
-8
-9
-9
-8
-5
0
6
12
15
17
15
12
7
1
-4
-10
-16
-20
-23
-22
-17
-9
2
14
26
34
36
32
22
7
-9
-24
-35
-39
-37
-29
-18
-4
10
22
31
35
34
29
18
5
-8
-20
-28
-30
-27
-20
-11
-1
7
14
18
20
19
15
9
0
-10
-19
-23
-22
-16
-5
8
19
25
25
19
9
-3
-14
-21
-24
-22
-16
-7
2
10
16
20
21
20
16
9
-1
-11
