-3
-5
-5
-3
4
11
18
20
18
9
-1
-12
-16
-18
-10
-1
13
21
29
26
22
9
0
-12
-15
-18
-12
-9
-3
-2
-4
-8
-15
-18
-24
-20
-22
-13
-19
-12
-29
-26
-50
-44
-69
-53
-74
-49
-71
-42
-72
-43
-81
-50
-92
-56
-100
-57
-105
-58
-109
-59
-113
-60
-2488
-4682
-2291
1692
7364
11853
13268
9822
2107
-7803
-16507
-20972
-19474
-12226
-1277
10283
19130
22885
20484
12760
1826
-9141
-17253
-20365
-18104
-11511
-3035
4713
9457
10354
7836
3676
-84
-1651
-433
3032
7090
9853
9723
6221
9
-7166
-13172
-16140
-15172
-10625
-3990
2750
7774
10039
9464
6837
3427
406
-1497
-2161
-1897
-1229
-641
-377
-392
-481
-431
-174
235
628
840
763
418
-89
-596
-967
-1142
-1126
-961
-687
-338
38
427
799
1095
1240
1173
896
456
-62
-543
-880
-1004
-908
-638
-277
88
382
559
605
533
373
163
-59
-261
-413
-490
-476
-369
-184
48
282
468
562
538
398
169
-101
-350
-524
-588
-530
-368
-138
106
313
447
487
433
304
133
-45
-197
-300
-341
-318
-243
-132
-7
110
199
246
245
196
110
2
-105
-189
-230
-217
-152
-48
72
177
238
240
179
70
-58
-170
-236
-240
-183
-81
35
133
188
191
147
74
-6
-72
-109
-115
-94
-58
-16
21
47
61
62
48
23
-9
-41
-65
-73
-58
-21
30
81
115
120
90
31
-44
-114
-160
-169
-137
-70
14
97
158
185
173
123
48
-36
-111
-162
-179
-158
-104
-29
51
118
158
161
128
68
-5
-73
-121
-137
-122
-80
-23
34
79
104
105
85
48
4
-40
-76
-96
-98
-79
-44
1
46
82
101
98
77
41
0
-36
-63
-77
-80
-71
-52
-27
0
29
52
65
61
45
23
2
-12
-17
-16
-16
-26
-42
-50
-31
26
114
203
243
184
0
-279
-571
-755
-714
-391
171
828
1360
1552
1273
541
-462
-1436
-2059
-2103
-1519
-464
743
1727
2187
1996
1241
185
-829
-1498
-1660
-1330
-678
46
613
884
846
589
255
-29
-192
-232
-200
-158
-147
-166
-186
-166
-84
53
204
314
337
261
109
-69
-218
-294
-280
-193
-69
50
132
166
153
109
53
4
-32
-53
-60
-54
-40
-21
-2
13
19
13
-1
-16
-24
-20
-1
26
52
64
57
30
-9
-49
-77
-82
-65
-31
8
41
59
62
52
35
18
2
-11
-25
-40
-54
-62
-59
-40
-6
36
75
100
100
75
29
-26
-75
-106
-110
-88
-49
-2
41
70
82
77
61
38
14
-8
-27
-42
-52
-56
-54
-44
-26
-3
21
43
58
62
55
37
12
-14
-37
-51
-55
-47
-30
-8
14
32
41
40
31
17
1
-13
-21
-25
-24
-20
-14
-7
0
6
13
19
23
24
19
10
-2
-15
-26
-30
-27
-18
-4
10
21
26
24
17
6
-4
-13
-16
-16
-12
-6
2
8
11
11
8
2
-5
-11
-15
-14
-9
0
11
21
26
24
15
0
-17
-31
-37
-33
-20
0
20
35
40
34
21
4
-11
-19
-21
-19
-17
-17
-19
-18
-13
0
19
39
52
47
26
-4
-36
-58
-63
-48
-23
3
24
43
69
104
145
173
155
59
-125
-367
-596
-713
-626
-294
242
849
1336
1512
1258
583
-357
-1297
-1945
-2080
-1631
-714
405
1392
1959
1956
1421
554
-357
-1041
-1328
-1203
-782
-258
181
421
448
334
189
103
108
174
228
200
63
-153
-371
-503
-489
-321
-50
233
434
493
405
213
-11
-193
-283
-271
-188
-80
11
59
63
39
15
8
24
52
76
81
60
18
-31
-72
-93
-90
-68
-37
-6
19
36
47
53
54
51
41
23
-2
-29
-54
-68
-70
-58
-34
-4
28
54
72
78
70
49
16
-24
-64
-95
-108
-97
-61
-8
52
102
128
121
85
27
-35
-84
-106
-98
-64
-18
25
51
53
34
3
-27
-44
-40
-15
22
60
86
90
68
25
-30
-84
-122
-133
-114
-68
-4
62
115
141
135
99
41
-23
-78
-110
-114
-91
-51
-7
31
53
58
50
35
20
10
6
5
2
-7
-20
-35
-46
-46
-34
-11
15
38
49
47
32
11
-9
-22
-24
-18
-9
-2
-1
-6
-13
-17
-13
0
19
38
47
44
24
-6
-39
-64
-74
-64
-35
4
44
73
83
73
45
7
-30
-59
-73
-70
-50
-20
13
41
59
62
51
28
-1
-30
-52
-61
-55
-36
-7
26
55
71
69
49
15
-27
-67
-92
-92
-67
-24
26
68
89
85
64
43
40
58
87
98
56
-63
-255
-471
-627
-631
-416
20
592
1142
1478
1439
962
120
-877
-1743
-2198
-2071
-1362
-251
944
1875
2275
2045
1281
241
-755
-1424
-1616
-1350
-783
-144
362
617
620
464
277
157
139
180
201
127
-65
-327
-561
-664
-573
-293
95
467
698
718
530
206
-142
-405
-513
-457
-289
-83
85
174
179
129
68
31
30
54
76
73
33
-33
-104
-150
-154
-113
-42
33
89
111
100
68
30
0
-15
-18
-17
-20
-31
-46
-57
-57
-40
-9
31
67
90
93
76
42
-1
-44
-80
-101
-106
-93
-61
-16
38
90
129
144
129
85
18
-57
-122
-161
-164
-130
-66
11
83
133
150
132
85
23
-39
-86
-107
-100
-68
-23
21
51
60
47
19
-12
-32
-32
-13
18
48
63
53
18
-32
-80
-108
-105
-67
-6
61
113
133
117
69
5
-55
-97
-112
-99
-67
-26
14
47
68
78
76
62
37
3
-36
-72
-95
-96
-73
-28
26
75
103
102
72
22
-32
-72
-88
-76
-42
2
40
60
59
39
9
-21
-41
-46
-37
-16
7
26
36
36
25
9
-7
-19
-25
-22
-14
-4
5
9
8
2
-5
-10
-10
-3
7
17
24
25
18
5
-8
-19
-26
-29
-29
-25
-20
-14
-3
12
32
49
56
50
31
7
-11
-10
15
51
74
55
-26
-167
-334
-461
-476
-324
2
442
875
1153
1145
793
144
-648
-1361
-1768
-1719
-1195
-322
659
1467
1869
1760
1192
354
-495
-1114
-1353
-1199
-761
-221
237
496
530
403
224
94
61
109
174
182
86
-102
-321
-480
-508
-378
-124
174
417
527
477
296
56
-162
-297
-321
-254
-142
-36
30
51
44
36
47
82
126
152
137
77
-17
-115
-184
-203
-165
-87
4
79
119
120
91
52
19
1
-2
1
-1
-16
-42
-69
-87
-85
-58
-11
44
92
119
119
91
43
-15
-69
-111
-131
-126
-96
-47
16
79
132
161
158
120
53
-29
-109
-168
-190
-169
-109
-25
62
131
166
159
114
46
-26
-82
-106
-95
-54
0
46
68
55
13
-44
-93
-113
-92
-31
50
126
169
163
107
17
-77
-147
-172
-146
-82
-3
66
106
110
84
43
2
-26
-39
-40
-37
-33
-30
-25
-11
11
39
64
75
63
27
-22
-72
-105
-108
-79
-24
39
93
120
114
77
22
-35
-79
-98
-91
-62
-23
16
45
58
57
43
24
3
-15
-26
-32
-31
-26
-16
-3
11
24
34
36
30
15
-6
-28
-45
-52
-46
-28
-2
26
49
62
60
43
15
-15
-41
-56
-56
-41
-19
3
16
20
14
4
-4
-3
8
24
36
41
37
27
20
21
29
33
12
-49
-152
-276
-374
-389
-272
-11
355
730
990
1017
747
206
-486
-1143
-1560
-1589
-1185
-439
453
1241
1700
1704
1262
517
-307
-977
-1324
-1289
-933
-403
126
512
682
645
473
258
76
-38
-93
-121
-156
-209
-266
-293
-254
-140
30
208
341
384
324
182
6
-149
-241
-258
-210
-129
-48
8
35
45
55
77
109
139
147
118
48
-47
-139
-200
-209
-164
-79
18
98
141
141
107
59
16
-11
-20
-19
-19
-28
-48
-69
-80
-71
-38
12
65
105
118
101
58
2
-51
-87
-101
-92
-67
-35
-3
26
50
70
83
87
77
50
8
-43
-92
-125
-132
-109
-59
6
71
119
140
130
91
36
-24
-72
-102
-108
-94
-65
-31
2
30
50
64
73
74
68
50
20
-20
-63
-98
-114
-105
-69
-13
47
97
122
115
81
30
-24
-65
-86
-85
-67
-41
-16
5
22
36
50
64
72
69
48
8
-44
-95
-129
-134
-102
-40
39
113
162
171
136
66
-21
-103
-158
-173
-146
-85
-7
69
124
147
133
90
29
-33
-82
-109
-108
-83
-43
3
45
75
87
82
61
28
-10
-48
-77
-92
-88
-65
-26
21
67
100
111
97
60
10
-43
-84
-104
-101
-77
-39
2
35
55
61
57
48
38
28
20
7
-11
-31
-44
-42
-21
16
52
64
29
-60
-186
-304
-355
-286
-76
248
601
868
933
725
255
-374
-991
-1405
-1471
-1138
-478
334
1068
1517
1558
1194
546
-186
-793
-1122
-1120
-839
-403
37
359
506
489
367
218
99
32
2
-22
-69
-143
-224
-275
-262
-174
-26
139
268
324
293
189
49
-84
-172
-206
-190
-146
-95
-49
-13
22
62
109
154
180
171
121
35
-67
-160
-216
-222
-176
-94
0
83
138
158
148
118
78
37
-4
-42
-79
-111
-130
-129
-103
-53
13
81
134
158
146
102
38
-30
-86
-119
-125
-110
-82
-49
-15
19
54
91
124
145
143
108
39
-51
-142
-208
-227
-189
-102
12
120
192
208
169
90
0
-73
-110
-105
-71
-27
6
18
9
-10
-22
-16
10
47
77
85
60
7
-57
-111
-133
-113
-56
21
92
136
139
104
43
-23
-74
-100
-98
-76
-46
-18
4
20
36
55
76
91
92
69
21
-43
-109
-155
-167
-136
-69
19
106
167
189
167
107
25
-59
-127
-164
-166
-132
-72
1
71
123
145
134
91
28
-37
-89
-114
-108
-74
-25
25
61
76
70
48
20
-4
-22
-32
-37
-39
-41
-39
-30
-12
16
48
75
86
75
41
-8
-59
-94
-102
-80
-38
12
52
70
61
34
5
-15
-17
-3
18
34
34
18
-8
-29
-37
-32
-24
-30
-62
-118
-176
-197
-142
9
239
491
677
708
527
140
-374
-876
-1213
-1259
-969
-397
312
964
1377
1435
1128
555
-116
-696
-1040
-1084
-860
-471
-50
283
464
488
401
269
149
68
21
-17
-71
-150
-233
-288
-281
-196
-46
131
281
358
338
232
73
-93
-220
-280
-269
-204
-111
-15
66
122
154
164
155
127
81
21
-45
-104
-144
-156
-139
-99
-46
7
51
84
106
118
119
106
74
22
-46
-115
-169
-188
-161
-90
9
109
183
209
181
110
18
-68
-127
-149
-139
-110
-75
-45
-19
9
46
95
148
190
201
165
82
-37
-162
-260
-303
-276
-185
-53
85
196
254
253
201
116
24
-56
-111
-138
-140
-124
-95
-57
-14
32
74
105
117
106
71
18
-40
-87
-114
-112
-82
-35
18
63
91
96
81
52
16
-19
-48
-67
-75
-73
-61
-40
-11
22
55
83
99
99
78
38
-14
-69
-115
-141
-139
-107
-50
21
92
148
174
166
123
52
-30
-108
-164
-186
-168
-115
-39
44
113
153
157
127
71
7
-49
-86
-98
-87
-60
-29
0
22
35
42
45
44
37
22
-2
-32
-62
-81
-82
-59
-15
41
93
125
127
97
41
-26
-87
-126
-136
-116
-77
-28
19
58
83
96
99
94
78
49
9
-37
-79
-107
-110
-87
-49
-12
4
-12
-54
-98
-108
-53
80
269
457
569
533
315
-62
-511
-907
-1115
-1044
-680
-100
546
1079
1344
1265
864
262
-368
-852
-1073
-999
-690
-266
138
414
518
466
321
159
38
-23
-36
-36
-53
-98
-158
-203
-201
-140
-29
99
205
256
238
160
52
-54
-131
-171
-174
-152
-117
-76
-29
27
90
150
191
197
159
80
-21
-117
-182
-201
-172
-110
-39
22
59
75
78
82
93
107
111
91
39
-40
-129
-200
-226
-194
-108
9
125
206
233
201
126
32
-57
-121
-153
-157
-141
-114
-77
-30
29
100
172
227
245
209
115
-24
-177
-306
-374
-355
-249
-78
118
288
390
400
317
164
-18
-184
-296
-331
-290
-189
-60
64
156
201
196
153
88
19
-40
-79
-97
-96
-82
-59
-31
-2
26
49
63
68
60
42
16
-13
-36
-52
-56
-51
-39
-23
-7
10
26
43
58
69
70
57
27
-19
-72
-119
-146
-140
-97
-22
68
151
202
204
154
63
-47
-145
-205
-212
-165
-79
20
104
152
156
120
60
-3
-52
-76
-74
-54
-27
-3
13
20
22
22
23
22
16
3
-18
-41
-60
-66
-54
-23
20
65
98
111
98
63
12
-42
-86
-113
-117
-100
-67
-25
16
51
77
92
97
92
76
50
13
-32
-78
-115
-130
-119
-81
-28
23
53
52
25
-7
-17
19
105
221
320
344
252
34
-270
-576
-782
-799
-590
-187
309
758
1028
1034
772
318
-194
-620
-851
-844
-631
-302
35
288
409
402
309
186
77
4
-35
-59
-83
-113
-138
-142
-113
-52
26
96
138
138
103
51
2
-29
-41
-40
-42
-56
-81
-106
-111
-85
-25
57
137
192
202
163
87
-4
-87
-145
-170
-164
-136
-94
-45
9
64
117
158
178
167
120
43
-49
-135
-195
-213
-186
-120
-31
60
135
179
188
163
112
46
-26
-93
-146
-179
-184
-159
-104
-24
71
164
237
270
249
169
40
-113
-257
-355
-377
-312
-167
25
218
365
426
386
257
71
-124
-279
-359
-351
-265
-129
18
143
220
241
211
145
62
-19
-87
-132
-151
-143
-113
-63
-2
59
109
136
135
104
50
-14
-72
-112
-126
-112
-75
-25
26
67
92
98
85
59
24
-14
-49
-75
-86
-81
-61
-27
12
50
78
90
85
62
26
-17
-57
-88
-102
-96
-68
-23
30
78
110
116
93
47
-11
-65
-102
-112
-92
-50
3
51
84
95
84
58
22
-14
-47
-73
-90
-96
-89
-65
-24
31
90
140
166
158
113
36
-55
-138
-190
-197
-158
-85
3
78
124
132
108
66
25
0
-5
4
13
10
-12
-47
-83
-105
-99
-67
-19
26
52
52
34
19
26
67
135
200
223
169
29
-173
-382
-526
-542
-405
-135
196
496
673
675
504
213
-108
-368
-503
-494
-372
-194
-24
94
147
151
136
127
132
141
132
86
1
-103
-192
-234
-209
-123
-3
111
182
191
144
64
-17
-71
-88
-72
-42
-17
-9
-19
-39
-52
-46
-19
24
70
105
120
110
79
32
-22
-74
-118
-146
-150
-127
-75
-3
75
141
177
172
126
53
-29
-97
-135
-138
-110
-64
-14
29
59
74
78
73
59
36
3
-35
-72
-96
-100
-79
-36
20
74
114
128
115
75
18
-46
-105
-149
-168
-154
-105
-27
69
161
226
243
203
109
-17
-144
-239
-275
-244
-155
-32
91
185
229
218
162
78
-13
-93
-148
-173
-167
-133
-75
-3
71
134
173
178
146
84
4
-76
-139
-172
-170
-135
-76
-8
58
110
140
144
124
83
28
-35
-93
-134
-148
-130
-81
-9
69
133
166
157
107
27
-60
-133
-171
-166
-119
-45
37
104
142
143
112
59
0
-51
-83
-93
-82
-57
-25
5
28
42
46
44
38
31
21
9
-7
-28
-51
-72
-83
-78
-52
-7
49
104
142
150
122
63
-16
-95
-153
-175
-156
-102
-29
44
99
124
119
92
55
22
-2
-17
-28
-41
-61
-82
-95
-87
-53
3
65
113
127
99
39
-30
-77
-80
-35
40
109
135
95
-9
-143
-257
-301
-246
-101
92
268
368
356
239
60
-118
-237
-264
-206
-98
9
72
77
35
-17
-45
-26
33
104
148
137
66
-44
-150
-211
-201
-121
0
119
195
204
148
54
-43
-109
-128
-102
-51
1
32
35
15
-14
-37
-41
-25
7
44
76
93
90
66
24
-29
-85
-130
-150
-135
-86
-9
76
146
181
168
111
29
-54
-115
-138
-123
-82
-33
8
32
40
39
40
46
53
53
37
3
-44
-86
-108
-95
-47
24
95
142
147
106
29
-60
-136
-176
-171
-123
-47
38
113
163
180
162
114
44
-36
-113
-169
-193
-177
-121
-37
56
134
177
178
137
69
-6
-68
-105
-114
-101
-75
-46
-19
6
30
55
78
94
95
76
36
-16
-69
-107
-121
-107
-70
-20
29
67
89
94
83
61
31
-4
-41
-75
-99
-106
-88
-46
14
79
130
151
134
79
-2
-87
-153
-181
-163
-103
-17
72
140
171
159
111
41
-32
-91
-123
-126
-103
-62
-15
29
63
82
86
76
55
25
-7
-38
-63
-78
-81
-69
-44
-9
30
65
91
101
90
60
14
-38
-86
-117
-123
-100
-52
10
69
109
120
100
56
4
-42
-67
-68
-49
-22
0
10
5
-7
-19
-22
-11
9
30
43
44
34
21
13
13
19
19
2
-37
-91
-141
-161
-130
-44
80
202
279
275
181
20
-157
-289
-331
-264
-112
72
224
293
257
137
-18
-150
-212
-188
-97
17
107
139
105
27
-58
-112
-112
-62
17
90
129
121
71
0
-64
-102
-104
-76
-33
7
33
42
38
27
16
9
6
4
1
-2
-3
-2
0
2
-1
-9
-21
-31
-34
-23
-1
26
47
53
40
10
-26
-52
-59
-41
-5
36
66
73
53
15
-28
-63
-77
-68
-44
-13
13
30
37
38
40
45
50
50
37
9
-33
-78
-114
-128
-112
-67
-2
68
125
156
153
118
60
-9
-72
-118
-139
-131
-98
-50
2
48
78
89
80
58
32
9
-6
-11
-11
-10
-16
-28
-45
-60
-64
-52
-24
15
56
87
98
86
53
9
-36
-71
-86
-79
-55
-19
17
46
60
57
40
13
-17
-41
-54
-52
-35
-8
24
51
68
68
51
21
-16
-51
-75
-82
-70
-42
-4
33
62
75
71
51
22
-9
-33
-47
-49
-41
-26
-11
1
8
12
14
18
25
34
40
38
24
-2
-38
-72
-94
-94
-66
-14
48
105
137
132
90
21
-57
-119
-148
-135
-85
-13
58
107
122
101
55
0
-45
-69
-68
-48
-18
9
24
24
13
-1
-12
-14
-9
0
10
17
20
20
22
24
24
16
-3
-35
-72
-103
-111
-84
-21
67
154
208
206
139
19
-118
-230
-277
-240
-128
25
168
255
259
180
50
-84
-177
-200
-152
-58
42
111
126
86
14
-58
-101
-98
-54
11
73
107
104
68
15
-36
-70
-80
-69
-45
-17
5
20
28
32
32
29
21
10
-4
-17
-24
-25
-18
-7
4
11
13
12
12
13
15
16
12
-2
-23
-45
-61
-62
-44
-9
34
73
94
92
66
23
-24
-62
-85
-88
-73
-47
-15
15
41
61
75
79
73
55
23
-20
-67
-108
-130
-126
-92
-32
40
107
153
163
136
77
2
-71
-123
-142
-128
-86
-31
23
63
81
77
56
25
-5
-26
-33
-26
-9
13
31
37
29
7
-24
-55
-75
-77
-57
-20
26
70
97
102
81
42
-6
-49
-77
-84
-70
-41
-8
18
32
31
18
1
-11
-12
0
20
42
55
54
36
4
-34
-66
-84
-81
-59
-23
17
51
71
73
57
29
-3
-31
-48
-50
-37
-15
10
28
35
28
10
-11
-28
-34
-25
-5
20
40
47
37
11
-23
-52
-66
-60
-33
7
48
77
84
66
27
-20
-63
-90
-93
-71
-31
16
58
86
93
80
50
12
-27
-59
-79
-84
-74
-51
-20
15
46
67
75
67
47
19
-9
-29
-37
-33
-22
-10
-7
-14
-31
-48
-55
-43
-8
43
97
135
142
109
39
-51
-135
-190
-196
-148
-59
48
141
194
192
137
48
-45
-116
-145
-128
-77
-13
40
68
64
38
3
-24
-33
-22
0
24
38
37
24
5
-12
-23
-25
-22
-17
-15
-14
-12
-6
5
19
32
37
31
14
-10
-33
-47
-46
-31
-5
24
46
56
51
34
10
-15
-37
-51
-56
-52
-40
-22
-1
22
43
60
70
69
56
32
-2
-39
-72
-94
-99
-84
-51
-5
45
86
110
110
87
46
-4
-52
-87
-104
-100
-76
-40
2
42
72
89
89
74
46
11
-26
-58
-77
-82
-70
-44
-12
21
46
59
57
43
22
0
-17
-25
-24
-16
-4
5
9
5
-4
-14
-22
-24
-18
-5
11
24
33
34
27
16
3
-9
-17
-21
-22
-20
-16
-13
-9
-6
-4
-1
3
9
17
26
33
38
35
25
7
-18
-42
-61
-69
-62
-40
-8
27
56
72
72
54
25
-8
-37
-54
-57
-45
-23
2
25
38
40
31
14
-4
-19
-27
-25
-16
-3
9
16
14
5
-8
-19
-22
-16
-1
19
36
45
40
22
-5
-33
-55
-63
-55
-32
0
33
57
68
63
43
13
-19
-46
-62
-63
-51
-28
-2
20
34
39
36
28
22
19
19
18
13
-1
-23
-50
-75
-88
-83
-57
-12
42
93
130
141
122
76
11
-60
-121
-159
-163
-133
-74
1
75
131
156
146
105
45
-18
-68
-96
-99
-84
-57
-29
-6
10
21
31
41
50
55
50
35
10
-18
-42
-53
-50
-34
-12
6
15
12
2
-10
-13
-5
15
38
54
55
36
0
-42
-77
-91
-78
-42
9
60
94
102
82
42
-7
-51
-80
-89
-78
-53
-21
10
37
57
69
73
68
52
24
-13
-53
-89
-110
-109
-83
-37
21
77
118
132
117
76
19
-39
-85
-110
-108
-84
-46
-3
34
59
69
65
51
31
9
-12
-29
-40
-45
-43
-32
-16
3
22
36
43
41
31
16
-3
-21
-37
-46
-46
-38
-20
3
27
46
55
51
34
10
-17
-38
-48
-46
-32
-12
10
27
36
36
28
15
-1
-17
-29
-35
-35
-27
-14
3
18
30
36
35
29
20
11
2
-6
-16
-26
-36
-43
-46
-40
-25
-2
24
47
62
65
54
32
4
-24
-46
-57
-57
-44
-24
0
22
37
43
39
27
11
-5
-18
-25
-28
-25
-19
-10
1
14
26
35
37
31
15
-9
-34
-55
-64
-58
-35
0
38
70
87
84
60
22
-22
-62
-86
-91
-76
-44
-5
32
59
70
64
45
19
-8
-28
-36
-32
-20
-3
10
15
11
-2
-19
-34
-38
-30
-8
23
54
76
79
62
25
-22
-67
-98
-106
-88
-49
0
46
80
93
85
61
29
-3
-29
-44
-49
-47
-42
-34
-25
-14
0
18
37
52
59
54
34
5
-27
-53
-66
-60
-38
-7
24
44
48
37
15
-8
-24
-28
-19
-2
13
20
16
2
-16
-29
-30
-18
3
27
44
48
36
13
-16
-41
-56
-56
-42
-19
7
30
45
52
50
42
29
13
-7
-28
-49
-66
-74
-68
-47
-12
30
70
97
103
86
48
-1
-49
-84
-98
-89
-59
-18
23
55
71
70
52
25
-5
-31
-48
-53
-47
-32
-12
8
25
35
38
35
27
16
5
-7
-18
-27
-33
-33
-28
-16
0
18
33
40
37
23
2
-20
-38
-45
-39
-22
1
24
41
46
39
22
-1
-22
-35
-39
-32
-17
0
16
26
29
24
14
1
-13
-23
-27
-25
-16
-2
12
24
30
28
20
5
-11
-25
-32
-31
-21
-5
11
24
29
27
18
6
-6
-14
-17
-16
-12
-9
-6
-6
-5
-2
4
13
21
25
22
13
-2
-16
-26
-27
-19
-5
8
15
14
5
-8
-17
-18
-9
7
25
36
36
24
3
-20
-38
-44
-37
-21
-1
17
28
30
24
14
2
-7
-13
-14
-11
-5
2
9
13
12
6
-5
-18
-29
-34
-29
-13
12
38
60
68
58
31
-7
-47
-78
-90
-79
-49
-6
36
68
81
73
49
16
-15
-37
-46
-42
-31
-18
-7
0
4
6
10
16
23
28
27
19
3
-17
-35
-45
-43
-27
-2
25
44
50
39
15
-13
-37
-48
-42
-22
5
30
43
41
25
2
-20
-32
-31
-18
1
18
27
24
10
-8
-25
-33
-32
-20
-3
14
26
31
29
23
16
10
3
-3
-12
-23
-34
-43
-44
-34
-14
14
43
64
72
62
35
-3
-41
-70
-82
-72
-44
-6
33
63
77
71
49
16
-20
-49
-65
-65
-50
-24
6
32
48
52
44
27
7
-12
-25
-32
-33
-29
-22
-14
-3
9
22
33
41
41
32
14
-10
-34
-52
-59
-51
-29
2
33
57
66
57
31
-4
-40
-65
-73
-60
-31
7
43
68
75
63
37
3
-29
-52
-62
-58
-42
-19
5
27
41
45
39
25
6
-13
-27
-34
-32
-22
-8
7
19
27
29
25
17
6
-7
-19
-28
-32
-30
-21
-7
8
21
30
32
27
18
7
-4
-14
-21
-24
-24
-20
-14
-7
1
10
16
21
23
22
18
11
3
-5
-13
-20
-23
-24
-21
-14
-5
6
14
19
19
17
12
6
2
0
-1
-2
-3
-6
-9
-13
-15
-15
-13
-9
-2
6
14
22
27
28
25
16
3
-13
-29
-40
-45
-40
-26
-5
17
37
50
51
42
24
2
-20
-36
-44
-42
-31
-15
1
15
23
24
19
11
3
-3
-5
-3
1
4
5
4
0
-3
-5
-5
-3
-1
0
-3
-9
-15
-18
-16
-8
5
20
30
33
27
14
-2
-15
-22
-22
-16
-8
-1
2
2
1
1
3
7
11
13
10
4
-5
-14
-18
-16
-9
2
11
16
14
7
-3
-11
-14
-11
-2
9
18
21
15
3
-12
-24
-29
-23
-9
10
27
35
32
18
-4
-25
-39
-41
-31
-11
11
30
38
34
21
4
-10
-18
-17
-10
-2
5
5
0
-8
-16
-18
-14
-4
9
21
28
27
18
4
-12
-24
-28
-24
-13
3
17
27
28
21
7
-10
-26
-36
-39
-31
-15
7
29
46
53
48
31
6
-20
-42
-53
-51
-38
-18
3
21
33
38
36
28
17
4
-10
-24
-35
-41
-39
-28
-10
13
35
50
55
47
28
2
-24
-46
-57
-56
-44
-24
1
25
44
54
54
43
24
-1
-25
-44
-53
-51
-38
-17
7
28
41
44
37
22
4
-11
-20
-22
-19
-13
-7
-3
-1
-2
-2
-2
0
2
5
6
7
8
9
11
12
11
7
-1
-11
-20
-26
-26
-20
-9
4
14
19
18
14
9
5
4
4
4
1
-5
-13
-20
-23
-20
-10
4
18
27
30
25
15
4
-7
-14
-19
-21
-22
-21
-18
-11
-2
10
21
28
29
23
13
1
-8
-13
-13
-10
-7
-6
-7
-8
-7
-3
3
10
14
13
6
-4
-14
-20
-17
-7
8
22
31
30
21
5
-13
-27
-34
-32
-23
-9
6
19
27
28
22
11
-3
-15
-22
-22
-15
-4
9
18
21
17
8
-4
-13
-18
-17
-10
-1
8
14
15
10
2
-8
-16
-19
-16
-6
8
21
29
28
17
-1
-22
-38
-42
-34
-14
11
33
45
45
32
11
-12
-29
-37
-35
-24
-10
3
13
17
16
11
5
1
0
1
4
6
5
1
-6
-12
-14
-11
-3
7
14
17
12
0
-13
-25
-30
-26
-14
3
20
34
41
39
30
15
-3
-20
-34
-43
-44
-37
-23
-4
16
31
39
38
30
16
1
-12
-19
-20
-16
-10
-3
2
4
4
3
1
-1
-2
-2
-3
-3
-3
-4
-4
-3
-1
4
10
16
20
21
16
7
-6
-20
-30
-36
-33
-23
-8
10
25
35
37
30
18
3
-12
-23
-28
-26
-18
-6
7
18
23
21
12
-1
-15
-25
-28
-21
-7
11
28
37
35
24
5
-15
-30
-37
-35
-25
-12
2
12
19
22
22
21
18
13
5
-5
-15
-23
-26
-23
-14
-2
10
18
21
17
9
0
-8
-11
-11
-7
-2
2
5
5
4
1
-1
-2
-3
-3
-3
-2
0
3
7
10
12
11
6
-2
-11
-19
-22
-21
-15
-6
3
10
13
13
11
10
9
11
13
14
10
2
-11
-24
-34
-36
-29
-14
5
23
35
38
30
15
-3
-19
-29
-29
-22
-9
7
19
26
25
17
5
-9
-19
-24
-23
-17
-8
2
11
17
21
21
18
13
5
-4
-14
-22
-25
-24
-18
-8
3
12
17
18
16
11
7
5
4
4
2
-2
-9
-17
-24
-26
-21
-11
4
19
31
35
30
17
0
-17
-28
-32
-28
-17
-4
9
18
22
21
16
9
2
-4
-7
-8
-8
-8
-8
-8
-8
-8
-6
-2
3
10
16
21
21
17
8
-3
-16
-26
-32
-30
-20
-4
14
31
42
42
31
10
-14
-36
-49
-50
-37
-15
11
33
45
44
33
15
-4
-18
-24
-23
-17
-9
-4
-1
-1
-2
-1
3
8
13
16
13
7
-3
-11
-16
-15
-9
-1
8
14
15
12
6
-2
-9
-15
-18
-18
-16
-10
-1
11
23
32
34
28
14
-7
-28
-43
-47
-37
-17
8
31
44
44
32
13
-7
-22
-29
-27
-20
-10
-1
6
8
8
7
6
5
5
4
3
0
-2
-4
-4
-3
-1
0
0
-1
-4
-6
-6
-5
-1
4
9
13
14
11
6
-2
-10
-16
-20
-20
-16
-7
4
15
24
28
24
13
-3
-18
-29
-31
-24
-7
12
29
37
33
18
-3
-24
-37
-39
-30
-11
9
25
32
30
20
7
-6
-14
-17
-15
-11
-6
-3
0
2
4
7
11
14
14
10
3
-5
-14
-19
-20
-16
-9
0
8
12
13
11
7
3
2
2
4
5
5
2
-4
-12
-19
-22
-19
-10
2
15
24
26
21
10
-3
-14
-20
-19
-12
-3
4
8
7
3
-1
-4
-2
3
10
16
17
14
4
-8
-19
-27
-29
-23
-13
1
14
23
27
25
19
9
0
-9
-14
-17
-16
-14
-10
-6
0
6
12
15
16
13
6
-2
-9
-14
-14
-10
-4
1
3
3
0
-1
1
6
14
20
20
12
-3
-22
-38
-44
-37
-17
10
36
53
55
41
17
-11
-34
-46
-45
-33
-15
3
16
23
24
20
14
8
3
-2
-6
-8
-9
-9
-7
-5
-4
-2
0
2
6
9
12
12
9
1
-8
-18
-23
-23
-16
-4
10
21
25
23
15
4
-6
-11
-12
-8
-2
1
2
0
-5
-8
-9
-6
-1
6
11
13
12
8
2
-3
-8
-11
-12
-12
-10
-6
-1
6
13
18
20
19
13
3
-7
-16
-21
-22
-19
-12
-3
5
12
16
17
15
10
3
-5
-12
-18
-19
-15
-7
4
14
19
19
14
4
-6
-13
-14
-11
-3
4
10
10
6
-2
-11
-17
-18
-14
-5
6
17
24
26
22
13
2
-10
-19
-23
-22
-16
-8
0
5
8
8
6
5
5
6
7
7
5
2
-2
-6
-8
-9
-8
-6
-5
-3
-2
0
3
6
8
9
8
5
1
-2
-4
-4
-4
-3
-3
-3
-3
-1
1
5
8
8
5
-1
-8
-14
-16
-13
-6
3
11
16
17
13
7
2
-2
-4
-4
-4
-5
-6
-9
-11
-12
-10
-6
1
9
16
22
23
20
12
0
-12
-22
-27
-26
-18
-6
7
18
23
23
17
7
-4
-13
-18
-19
-16
-9
-2
5
11
14
15
13
10
5
0
-3
-6
-8
-9
-11
-13
-14
-13
-8
0
11
21
27
26
18
5
-9
-20
-25
-23
-16
-6
4
11
13
13
10
6
2
-1
-3
-4
-5
-5
-4
-2
0
1
1
0
-2
-2
0
3
6
8
7
3
-3
-8
-11
-10
-5
1
8
12
12
9
2
-5
-11
-14
-14
-11
-6
1
7
11
14
14
12
9
6
2
-1
-4
-7
-11
-14
-16
-16
-14
-8
1
11
19
23
21
14
3
-8
-16
-18
-15
-7
2
8
11
10
5
1
-2
-2
-1
1
0
-3
-9
-14
-17
-14
-7
5
17
26
28
24
14
1
-12
-21
-25
-23
-16
-8
1
8
12
13
12
9
5
1
-1
-2
-1
1
2
1
-2
-7
-13
-16
-15
-10
-1
8
16
19
17
10
1
-7
-12
-11
-7
0
7
11
12
10
5
-1
-8
-13
-16
-18
-18
-14
-8
1
11
21
27
28
21
10
-4
-16
-24
-24
-17
-6
7
16
21
19
12
1
-10
-19
-24
-25
-21
-13
-3
8
17
24
27
27
23
16
8
-2
-11
-19
-24
-26
-25
-20
-12
-3
5
12
17
20
21
19
15
9
1
-8
-16
-21
-23
-21
-14
-4
7
17
24
26
22
13
0
-13
-25
-31
-31
-24
-11
4
20
32
38
37
28
12
-6
-24
-37
-43
-41
-30
-14
5
22
34
38
34
23
9
-4
-13
-17
-17
-14
-10
-7
-4
-2
1
4
7
9
9
6
1
-5
-9
-11
-8
-2
5
11
13
11
5
-1
-7
-9
-8
-6
-4
-3
-3
-3
-1
3
9
14
17
15
8
-2
-13
-21
-24
-20
-11
1
12
18
19
16
9
2
-3
-6
-7
-6
-5
-5
-5
-7
-7
-7
-4
1
7
12
15
13
8
1
-6
-11
-12
-10
-5
0
3
4
3
1
0
1
3
6
8
8
4
-1
-8
-15
-18
-17
-12
-3
7
16
23
25
21
12
0
-12
-22
-27
-25
-18
-7
4
13
19
21
19
15
9
3
-4
-10
-16
-20
-21
-17
-9
2
11
18
19
14
6
-2
-8
-9
-7
-2
3
6
5
2
-2
-4
-5
-2
2
6
8
6
1
-6
-12
-16
-16
-11
-3
6
15
21
23
21
13
3
-10
-22
-30
-32
-27
-14
4
22
36
42
38
25
5
-16
-32
-40
-38
-28
-14
1
12
18
20
19
16
14
12
10
5
-2
-10
-17
-21
-20
-16
-8
0
6
9
10
8
6
4
4
5
5
4
1
-3
-6
-9
-9
-6
-1
4
7
8
5
0
-5
-9
-11
-10
-7
-3
2
6
10
12
13
13
11
7
1
-7
-14
-18
-19
-16
-8
1
9
14
15
12
7
2
-2
-3
-2
-1
0
-1
-4
-8
-11
-12
-8
0
9
17
21
19
11
-1
-14
-22
-24
-19
-8
6
17
24
23
16
5
-8
-18
-23
-23
-18
-10
1
10
19
24
26
23
15
3
-11
-25
-34
-36
-29
-14
5
23
36
40
34
20
1
-16
-28
-33
-30
-21
-11
-1
6
12
17
21
24
24
20
10
-4
-21
-35
-41
-38
-25
-5
16
33
41
40
30
15
0
-13
-20
-23
-22
-20
-17
-14
-10
-5
3
11
19
25
27
25
19
8
-4
-16
-26
-31
-31
-24
-12
2
15
26
31
30
23
13
1
-11
-19
-24
-25
-22
-17
-10
-2
7
15
21
24
23
16
5
-7
-17
-22
-21
-14
-3
8
16
20
19
13
6
-3
-11
-17
-21
-22
-21
-15
-7
4
16
25
30
28
21
10
-2
-12
-18
-19
-16
-12
-7
-4
-1
2
6
10
15
16
13
5
-6
-18
-25
-26
-18
-4
12
24
29
25
14
0
-12
-18
-16
-9
1
9
13
11
4
-5
-14
-20
-21
-17
-9
1
10
17
21
22
20
16
10
4
-3
-10
-17
-22
-25
-24
-20
-12
0
12
23
29
29
22
10
-4
-16
-23
-24
-18
-7
5
15
20
19
11
1
-10
-18
-21
-18
-11
-2
7
14
18
18
14
8
1
-5
-9
-10
-9
-6
-4
-2
-1
-2
-2
-2
0
1
3
4
4
1
-2
-4
-3
0
6
14
19
20
14
2
-14
-29
-38
-38
-29
-12
8
26
38
40
35
23
7
-8
-21
-30
-33
-31
-23
-9
7
22
33
36
30
16
-1
-18
-29
-33
-29
-18
-6
6
15
20
22
22
20
16
10
0
-12
-25
-35
-40
-37
-25
-7
14
33
46
51
46
32
12
-9
-28
-40
-44
-40
-30
-18
-5
5
14
21
27
32
34
33
26
12
-6
-24
-40
-47
-46
-36
-19
0
17
30
37
39
35
27
15
0
-16
-30
-39
-41
-34
-20
-2
17
32
39
38
29
15
-2
-18
-31
-38
-39
-31
-17
2
22
39
48
46
33
13
-9
-29
-42
-45
-39
-25
-8
9
23
30
32
27
17
6
-5
-13
-17
-16
-13
-7
-3
0
1
1
1
2
6
10
14
13
9
1
-8
-16
-19
-18
-11
-3
5
10
11
8
5
2
2
3
6
7
6
3
-2
-8
-12
-13
-11
-8
-4
0
2
2
2
3
4
7
10
12
12
9
4
-3
-10
-16
-19
-18
-14
-7
1
8
12
14
14
12
8
4
0
-3
-6
-7
-8
-8
-6
-4
-2
1
3
6
7
7
6
3
-2
-6
-9
-11
-9
-5
0
5
10
12
12
10
7
2
-3
-9
-14
-17
-16
-12
-4
7
16
21
20
13
3
-7
-13
-14
-9
-2
4
7
5
0
-6
-10
-11
-8
-2
3
8
10
10
9
9
7
5
2
-4
-10
-16
-18
-16
-8
2
12
20
21
17
8
-4
-15
-23
-25
-22
-13
-1
13
25
32
34
29
17
1
-17
-32
-41
-42
-35
-21
-2
17
33
43
45
38
24
6
-13
-27
-34
-34
-27
-18
-8
-2
2
4
6
11
19
28
34
34
25
8
-13
-34
-48
-52
-45
-29
-8
13
30
41
44
42
34
21
6
-12
-29
-43
-49
-47
-34
-13
11
35
51
57
49
30
4
-24
-47
-59
-58
-45
-21
9
37
58
68
63
43
13
-21
-51
-70
-72
-58
-31
1
31
50
56
48
31
11
-7
-19
-23
-22
-18
-13
-9
-5
-1
4
9
13
15
14
10
3
-3
-9
-12
-12
-10
-8
-6
-4
-1
2
6
10
14
15
15
12
7
0
-7
-13
-18
-20
-19
-15
-8
2
11
18
20
17
8
-2
-12
-16
-13
-4
7
18
23
21
11
-3
-16
-27
-31
-28
-19
-7
6
17
24
26
24
18
11
3
-4
-10
-15
-18
-20
-20
-17
-11
-2
8
18
25
26
22
12
-1
-13
-21
-24
-20
-11
0
9
16
17
13
7
-1
-7
-11
-11
-9
-6
-2
1
3
4
5
6
7
7
7
5
2
-2
-6
-9
-9
-6
-3
0
3
3
1
-1
-3
-4
-3
-1
1
3
4
6
7
9
11
11
9
4
-4
-13
-19
-22
-19
-12
-3
6
12
13
10
5
0
-2
-1
3
8
12
14
11
4
-4
-13
-21
-25
-24
-20
-12
-1
11
22
30
33
30
21
8
-6
-20
-29
-33
-31
-23
-12
0
10
16
19
19
17
15
13
12
9
5
-2
-11
-20
-28
-32
-31
-24
-11
5
20
33
39
39
32
20
4
-12
-27
-36
-39
-35
-23
-7
11
26
35
36
28
13
-5
-21
-32
-36
-30
-17
0
19
34
42
41
31
15
-5
-24
-39
-46
-44
-34
-17
2
20
33
38
36
26
13
-1
-12
-19
-19
-15
-9
-2
2
3
2
-1
-3
-3
-1
2
5
7
8
7
3
-1
-6
-10
-13
-14
-12
-6
4
14
24
28
25
15
-1
-19
-33
-38
-32
-17
3
21
32
32
22
5
-12
-24
-28
-22
-9
7
21
29
30
24
12
-2
-15
-26
-32
-32
-27
-18
-6
7
18
25
28
27
24
18
11
3
-5
-14
-23
-30
-33
-30
-21
-7
9
24
34
35
28
14
-2
-16
-23
-23
-15
-4
8
16
17
13
5
-4
-11
-14
-13
-9
-4
0
1
0
-1
-1
0
4
9
13
14
11
6
-1
-6
-10
-10
-8
-5
-2
-1
-1
-3
-5
-6
-5
-3
1
6
11
16
18
18
14
7
-3
-13
-22
-27
-27
-22
-13
-1
10
19
24
23
18
10
2
-5
-8
-9
-8
-5
-2
0
1
1
-1
-4
-8
-11
-14
-13
-10
-1
10
23
33
37
32
19
0
-21
-37
-44
-41
-29
-11
6
20
26
24
17
9
4
3
7
12
14
12
3
-11
-26
-38
-43
-40
-28
-9
11
30
44
50
48
38
23
4
-16
-33
-45
-49
-44
-29
-10
11
27
35
32
22
7
-6
-14
-15
-10
-1
7
12
13
10
5
0
-4
-8
-10
-14
-16
-17
-15
-9
1
12
21
26
26
19
8
-4
-13
-18
-16
-10
-2
5
8
6
0
-8
-15
-16
-12
-2
10
20
26
25
17
4
-10
-21
-28
-27
-20
-8
5
17
25
27
22
12
0
-12
-21
-24
-22
-15
-5
6
14
17
16
11
5
-2
-5
-6
-4
-1
2
4
4
1
-2
-5
-8
-8
-7
-4
-2
0
0
-1
-1
1
4
10
16
21
22
19
10
-3
-17
-29
-36
-35
-26
-13
1
13
21
24
23
18
12
5
-2
-6
-9
-9
-7
-3
2
5
7
5
0
-6
-10
-12
-10
-5
2
7
9
8
3
-3
-7
-8
-5
1
8
14
16
15
10
2
-7
-16
-22
-24
-21
-13
-1
11
20
26
25
19
9
-2
-11
-16
-17
-14
-10
-4
0
3
3
2
1
0
1
3
5
6
6
5
3
2
1
1
2
2
1
-4
-10
-17
-22
-23
-17
-6
8
21
31
33
29
19
7
-6
-16
-21
-22
-20
-15
-9
-4
1
4
6
7
6
6
6
6
8
9
10
9
6
0
-7
-15
-22
-26
-26
-20
-10
4
19
31
38
37
30
17
2
-14
-27
-35
-37
-33
-25
-14
-1
12
23
31
33
29
20
7
-6
-16
-21
-21
-14
-5
4
11
14
11
5
-4
-13
-19
-22
-19
-12
-1
9
18
22
21
15
8
1
-3
-3
-1
3
6
4
-1
-10
-19
-26
-28
-23
-13
1
16
29
35
35
27
13
-4
-21
-32
-36
-31
-18
0
17
31
37
34
23
7
-11
-25
-34
-35
-29
-18
-5
6
15
20
21
19
16
11
7
2
-2
-7
-10
-11
-11
-8
-4
1
4
6
4
0
-4
-9
-12
-13
-10
-5
3
13
21
28
29
25
14
-2
-19
-34
-43
-42
-32
-14
6
25
38
42
37
25
8
-9
-24
-32
-33
-27
-15
0
14
23
25
21
11
-1
-12
-18
-18
-12
-3
7
14
15
10
1
-7
-12
-11
-5
3
11
15
13
6
-4
-13
-18
-17
-11
-2
7
12
13
10
5
-1
-4
-6
-4
-2
1
4
4
3
0
-3
-7
-9
-8
-4
1
8
13
15
13
6
-3
-12
-18
-19
-15
-7
3
12
17
17
13
5
-3
-10
-13
-13
-9
-3
3
8
11
11
9
6
2
-2
-6
-8
-10
-11
-11
-8
-5
0
5
9
13
15
15
13
9
3
-3
-10
-15
-19
-20
-19
-16
-11
-3
7
17
28
35
37
32
20
1
-19
-37
-47
-48
-38
-20
1
21
33
37
33
22
9
-3
-11
-14
-13
-9
-5
-1
1
0
-1
-3
-5
-5
-4
-2
0
2
4
4
4
3
3
3
4
5
6
6
5
4
2
-1
-5
-10
-15
-20
-22
-20
-14
-4
9
22
32
36
34
24
9
-7
-22
-32
-35
-31
-21
-8
7
20
28
30
27
18
5
-9
-20
-28
-30
-25
-15
-1
11
20
22
18
11
3
-2
-4
-3
0
2
1
-2
-6
-9
-8
-5
1
5
6
3
-4
-11
-15
-14
-6
5
17
25
28
25
17
6
-5
-15
-23
-29
-31
-30
-24
-12
3
19
33
40
38
28
13
-4
-19
-27
-29
-24
-15
-5
5
12
15
14
10
4
-2
-6
-7
-5
0
4
6
4
-2
-8
-14
-15
-11
-2
10
19
23
21
14
3
-7
-14
-17
-15
-12
-7
-3
-1
1
3
5
7
10
11
11
8
4
-1
-7
-13
-17
-17
-14
-8
0
9
16
19
18
13
5
-3
-9
-12
-11
-8
-3
1
3
3
1
-2
-5
-7
-7
-5
-1
6
12
16
16
13
7
-1
-8
-13
-13
-12
-9
-6
-3
-2
-2
-1
1
5
9
12
14
14
11
6
-1
-7
-12
-15
-17
-17
-15
-12
-6
2
11
19
26
30
28
22
10
-5
-20
-32
-39
-39
-32
-20
-4
11
24
33
37
35
29
18
6
-8
-20
-29
-34
-33
-26
-15
-2
9
18
23
23
21
16
9
2
-6
-13
-19
-21
-20
-13
-3
9
19
25
24
17
6
-6
-17
-24
-25
-21
-12
-2
9
17
21
22
19
14
7
-1
-9
-16
-22
-25
-24
