-3
0
-5
1
-5
3
-3
1
4
-2
11
-5
18
-7
20
-8
18
-6
9
-2
-1
4
-12
9
-16
12
-18
13
-10
10
-1
7
13
1
21
-1
29
-4
26
-1
22
0
9
9
0
12
-12
21
-15
20
-18
25
-12
19
-9
23
-3
14
-2
20
-4
13
-8
22
-15
15
-18
25
-24
15
-20
23
-22
9
-13
17
-19
3
-12
12
-29
1
-26
13
-50
4
-44
14
-69
4
-53
10
-74
-3
-49
-3
-71
-15
-42
-19
-72
-27
-43
-34
-81
-36
-50
-49
-92
-46
-56
-67
-100
-57
-57
-85
-105
-64
-58
-93
-109
-51
-59
-31
-113
77
-60
764
-2488
1499
-4682
-2241
-2291
-6129
1692
-7974
7364
-7188
11853
-2421
13268
4792
9822
12561
2107
17374
-7803
17327
-16507
11446
-20972
1563
-19474
-9661
-12226
-18527
-1277
-22563
10283
-20312
19130
-12590
22885
-1372
20484
10071
12760
18773
1826
22300
-9141
19966
-17253
12576
-20365
2528
-18104
-7281
-11511
-14105
-3035
-16412
4713
-14133
9457
-8715
10354
-2432
7836
2414
3676
4353
-84
3226
-1651
128
-433
-3060
3032
-4514
7090
-3117
9853
1018
9723
6675
6221
11860
9
14671
-7166
13828
-13172
9306
-16140
2226
-15172
-5375
-10625
-11358
-3990
-14157
2750
-13349
7774
-9597
10039
-4392
9464
634
6837
4135
3427
5578
406
5169
-1497
3665
-2161
1911
-1897
553
-1229
-141
-641
-252
-377
-109
-392
-15
-481
-127
-431
-379
-174
-608
235
-645
628
-415
840
32
763
541
418
934
-89
1086
-596
958
-967
618
-1142
179
-1126
-258
-961
-628
-687
-907
-338
-1070
38
-1120
427
-1061
799
-870
1095
-538
1240
-89
1173
400
896
824
456
1100
-62
1160
-543
988
-880
630
-1004
176
-908
-262
-638
-591
-277
-755
88
-745
382
-588
559
-339
605
-58
533
198
373
391
163
495
-59
504
-261
423
-413
265
-490
58
-476
-165
-369
-363
-184
-495
48
-532
282
-459
468
-284
562
-41
538
219
398
441
169
573
-101
587
-350
476
-524
269
-588
10
-530
-244
-368
-441
-138
-543
106
-533
313
-421
447
-238
487
-25
433
176
304
326
133
403
-45
401
-197
329
-300
206
-341
59
-318
-84
-243
-199
-132
-269
-7
-286
110
-252
199
-174
246
-69
245
44
196
143
110
212
2
236
-105
209
-189
135
-230
30
-217
-83
-152
-179
-48
-233
72
-230
177
-168
238
-61
240
64
179
176
70
243
-58
247
-170
186
-236
78
-240
-47
-183
-155
-81
-218
35
-222
133
-170
188
-80
191
20
147
103
74
149
-6
153
-72
121
-109
66
-115
7
-94
-42
-58
-72
-16
-82
21
-73
47
-51
61
-23
62
8
48
36
23
55
-9
61
-41
50
-65
22
-73
-17
-58
-57
-21
-87
30
-93
81
-71
115
-23
120
41
90
101
31
141
-44
146
-114
113
-160
47
-169
-35
-137
-112
-70
-166
14
-182
97
-157
158
-97
185
-15
173
69
123
139
48
178
-36
180
-111
144
-162
79
-179
-1
-158
-81
-104
-142
-29
-172
51
-164
118
-121
158
-52
161
27
128
97
68
142
-5
153
-73
128
-121
75
-137
9
-122
-55
-80
-102
-23
-121
34
-113
79
-80
104
-33
105
18
85
61
48
90
4
99
-40
89
-76
61
-96
22
-98
-22
-79
-63
-44
-91
1
-102
46
-91
82
-61
101
-20
98
25
77
64
41
88
0
93
-36
82
-63
59
-77
29
-80
-2
-71
-32
-52
-54
-27
-68
0
-72
29
-66
52
-47
65
-19
61
11
45
33
23
43
2
41
-12
32
-17
20
-16
12
-16
13
-26
12
-42
-1
-50
-33
-31
-77
26
-111
114
-104
203
-31
243
112
184
289
0
430
-279
448
-571
283
-755
-67
-714
-525
-391
-943
171
-1148
828
-1006
1360
-486
1552
307
1273
1148
541
1756
-462
1893
-1436
1458
-2059
536
-2103
-615
-1519
-1641
-464
-2212
743
-2140
1727
-1440
2187
-337
1996
820
1241
1676
185
1990
-829
1706
-1498
967
-1660
46
-1330
-758
-678
-1220
46
-1257
613
-937
884
-429
846
71
589
413
255
540
-29
482
-192
326
-232
165
-200
60
-158
19
-147
9
-166
-15
-186
-76
-166
-169
-84
-257
53
-293
204
-247
314
-116
337
60
261
224
109
323
-69
326
-218
237
-294
89
-280
-68
-193
-185
-69
-234
50
-215
132
-147
166
-59
153
23
109
78
53
102
4
98
-32
77
-53
50
-60
20
-54
-5
-40
-24
-21
-33
-2
-32
13
-22
19
-7
13
6
-1
12
-16
7
-24
-9
-20
-28
-1
-42
26
-42
52
-24
64
7
57
43
30
70
-9
78
-49
64
-77
30
-82
-13
-65
-51
-31
-74
8
-75
41
-58
59
-30
62
0
52
24
35
38
18
43
2
44
-11
42
-25
38
-40
31
-54
15
-62
-8
-59
-37
-40
-66
-6
-83
36
-83
75
-60
100
-18
100
33
75
79
29
108
-26
110
-75
84
-106
39
-110
-15
-88
-63
-49
-93
-2
-100
41
-86
70
-56
82
-20
77
14
61
40
38
56
14
62
-8
59
-27
51
-42
38
-52
21
-56
2
-54
-19
-44
-38
-26
-53
-3
-60
21
-58
43
-44
58
-23
62
3
55
29
37
49
12
59
-14
58
-37
45
-51
24
-55
-1
-47
-25
-30
-42
-8
-49
14
-45
32
-32
41
-13
40
6
31
22
17
31
1
33
-13
28
-21
18
-25
7
-24
-3
-20
-11
-14
-16
-7
-19
0
-20
6
-19
13
-16
19
-11
23
-3
24
8
19
18
10
25
-2
28
-15
25
-26
15
-30
2
-27
-13
-18
-24
-4
-29
10
-27
21
-18
26
-5
24
7
17
17
6
21
-4
20
-13
14
-16
6
-16
-3
-12
-10
-6
-13
2
-13
8
-9
11
-3
11
4
8
10
2
12
-5
11
-11
6
-15
-1
-14
-10
-9
-17
0
-20
11
-18
21
-10
26
3
24
16
15
27
0
32
-17
28
-31
16
-37
-2
-33
-21
-20
-35
0
-40
20
-35
35
-20
40
-1
34
18
21
30
4
33
-11
29
-19
19
-21
8
-19
2
-17
-1
-17
-4
-19
-9
-18
-17
-13
-27
0
-36
19
-37
39
-25
52
-1
47
28
26
51
-4
59
-36
49
-58
23
-63
-11
-48
-42
-23
-58
3
-62
24
-59
43
-54
69
-49
104
-33
145
8
173
88
155
203
59
323
-125
394
-367
354
-596
161
-713
-178
-626
-591
-294
-949
242
-1105
849
-944
1336
-444
1512
304
1258
1100
583
1692
-357
1862
-1297
1506
-1945
682
-2080
-391
-1631
-1402
-714
-2043
405
-2116
1392
-1602
1959
-667
1956
395
1421
1266
554
1706
-357
1631
-1041
1127
-1328
404
-1203
-287
-782
-746
-258
-887
181
-747
421
-452
448
-151
334
44
189
102
103
64
108
11
174
17
228
110
200
256
63
382
-153
411
-371
303
-503
76
-489
-201
-321
-433
-50
-538
233
-478
434
-280
493
-14
405
229
213
377
-11
397
-193
301
-283
140
-271
-20
-188
-130
-80
-169
11
-146
59
-91
63
-36
39
-6
15
-6
8
-23
24
-38
52
-34
76
-8
81
34
60
75
18
99
-31
97
-72
70
-93
28
-90
-17
-68
-52
-37
-70
-6
-72
19
-63
36
-47
47
-29
53
-11
54
7
51
25
41
43
23
57
-2
63
-29
58
-54
41
-68
15
-70
-15
-58
-44
-34
-64
-4
-72
28
-67
54
-51
72
-25
78
7
70
40
49
68
16
87
-24
90
-64
74
-95
40
-108
-8
-97
-59
-61
-101
-8
-122
52
-114
102
-77
128
-19
121
45
85
97
27
123
-35
116
-84
80
-106
26
-98
-29
-64
-68
-18
-81
25
-68
51
-36
53
1
34
30
3
41
-27
29
-44
2
-40
-32
-15
-57
22
-65
60
-50
86
-14
90
33
68
78
25
109
-30
114
-84
92
-122
45
-133
-16
-114
-77
-68
-123
-4
-142
62
-130
115
-87
141
-25
135
42
99
98
41
130
-23
130
-78
100
-110
50
-114
-6
-91
-54
-51
-83
-7
-89
31
-74
53
-46
58
-15
50
9
35
22
20
26
10
24
6
21
5
21
2
25
-7
30
-20
30
-35
22
-46
4
-46
-18
-34
-39
-11
-52
15
-51
38
-37
49
-13
47
13
32
32
11
39
-9
35
-22
22
-24
6
-18
-5
-9
-9
-2
-6
-1
0
-6
3
-13
0
-17
-10
-13
-22
0
-31
19
-31
38
-18
47
4
44
31
24
54
-6
63
-39
54
-64
28
-74
-9
-64
-46
-35
-74
4
-82
44
-70
73
-39
83
2
73
41
45
70
7
81
-30
72
-59
47
-73
12
-70
-23
-50
-51
-20
-66
13
-66
41
-50
59
-23
62
8
51
36
28
54
-1
61
-30
52
-52
31
-61
2
-55
-28
-36
-52
-7
-65
26
-62
55
-43
71
-11
69
27
49
59
15
79
-27
81
-67
61
-92
20
-92
-30
-67
-74
-24
-99
26
-99
68
-74
89
-33
85
8
64
33
43
36
40
28
58
28
87
57
98
127
56
223
-63
306
-255
317
-471
203
-627
-54
-631
-417
-416
-789
20
-1034
592
-1022
1142
-681
1478
-42
1439
754
962
1479
120
1892
-877
1814
-1743
1206
-2198
197
-2071
-943
-1362
-1884
-251
-2337
944
-2156
1875
-1389
2275
-266
2045
879
1281
1714
241
2021
-755
1758
-1424
1063
-1616
191
-1350
-579
-783
-1042
-144
-1126
362
-894
617
-504
620
-128
464
115
277
195
157
163
139
115
180
129
201
230
127
375
-65
475
-327
447
-561
255
-664
-64
-573
-414
-293
-673
95
-744
467
-592
698
-265
718
129
530
463
206
638
-142
614
-405
420
-513
138
-457
-128
-289
-301
-83
-348
85
-287
174
-167
179
-48
129
29
68
49
31
31
30
6
54
2
76
30
73
78
33
122
-33
138
-104
110
-150
45
-154
-37
-113
-108
-42
-145
33
-139
89
-96
111
-36
100
20
68
57
30
68
0
60
-15
43
-18
29
-17
23
-20
23
-31
22
-46
13
-57
-6
-57
-34
-40
-61
-9
-78
31
-78
67
-58
90
-22
93
21
76
61
42
89
-1
100
-44
91
-80
65
-101
27
-106
-18
-93
-62
-61
-98
-16
-120
38
-121
90
-97
129
-51
144
11
129
77
85
130
18
158
-57
152
-122
111
-161
44
-164
-35
-130
-105
-66
-151
11
-162
83
-136
133
-80
150
-9
132
60
85
109
23
130
-39
119
-86
81
-107
28
-100
-26
-68
-66
-23
-84
21
-76
51
-47
60
-9
47
24
19
41
-12
37
-32
15
-32
-14
-13
-37
18
-42
48
-25
63
10
53
51
18
81
-32
87
-80
62
-108
11
-105
-50
-67
-102
-6
-127
61
-115
113
-69
133
-3
117
63
69
111
5
128
-55
110
-97
67
-112
13
-99
-38
-67
-74
-26
-90
14
-87
47
-70
68
-43
78
-12
76
20
62
50
37
73
3
85
-36
81
-72
59
-95
19
-96
-29
-73
-74
-28
-102
26
-104
75
-77
103
-29
102
28
72
75
22
98
-32
92
-72
58
-88
11
-76
-36
-42
-67
2
-74
40
-56
60
-23
59
14
39
42
9
53
-21
46
-41
24
-46
-3
-37
-27
-16
-41
7
-41
26
-29
36
-10
36
10
25
26
9
32
-7
30
-19
20
-25
6
-22
-7
-14
-16
-4
-17
5
-13
9
-5
8
3
2
8
-5
6
-10
0
-10
-9
-3
-16
7
-18
17
-13
24
-3
25
10
18
22
5
29
-8
28
-19
22
-26
13
-29
3
-29
-6
-25
-16
-20
-23
-14
-31
-3
-39
12
-43
32
-39
49
-23
56
0
50
25
31
42
7
44
-11
30
-10
7
15
-7
51
9
74
61
55
139
-26
211
-167
232
-334
159
-461
-28
-476
-301
-324
-589
2
-788
442
-793
875
-544
1153
-57
1145
565
793
1148
144
1501
-648
1476
-1361
1027
-1768
241
-1719
-680
-1195
-1473
-322
-1900
659
-1823
1467
-1256
1869
-363
1760
594
1192
1340
354
1676
-495
1539
-1114
1015
-1353
300
-1199
-374
-761
-820
-221
-952
237
-799
496
-480
530
-144
403
90
224
175
94
141
61
65
109
31
174
81
182
203
86
334
-102
394
-321
327
-480
131
-508
-140
-378
-395
-124
-543
174
-531
417
-360
527
-90
477
185
296
381
56
444
-162
376
-297
218
-321
35
-254
-109
-142
-179
-36
-178
30
-135
51
-85
44
-56
36
-53
47
-65
82
-66
126
-36
152
27
137
106
77
173
-17
198
-115
169
-184
92
-203
-11
-165
-107
-87
-166
4
-174
79
-136
119
-72
120
-6
91
42
52
63
19
60
1
46
-2
33
1
31
-1
39
-16
48
-42
48
-69
31
-87
-3
-85
-46
-58
-86
-11
-109
44
-105
92
-75
119
-24
119
34
91
85
43
118
-15
126
-69
108
-111
67
-131
13
-126
-46
-96
-98
-47
-133
16
-145
79
-128
132
-84
161
-18
158
57
120
125
53
170
-29
180
-109
150
-168
85
-190
-1
-169
-88
-109
-155
-25
-185
62
-172
131
-120
166
-42
159
39
114
105
46
138
-26
132
-82
92
-106
32
-95
-28
-54
-68
0
-77
46
-53
68
-7
55
44
13
77
-44
77
-93
41
-113
-22
-92
-90
-31
-138
50
-144
126
-103
169
-24
163
69
107
145
17
181
-77
163
-147
99
-172
10
-146
-76
-82
-133
-3
-146
66
-117
106
-61
110
0
84
49
43
73
2
72
-26
55
-39
32
-40
12
-37
-1
-33
-10
-30
-20
-25
-32
-11
-45
11
-52
39
-46
64
-23
75
14
63
55
27
86
-22
94
-72
73
-105
27
-108
-33
-79
-86
-24
-117
39
-115
93
-80
120
-22
114
40
77
90
22
113
-35
105
-79
71
-98
22
-91
-27
-62
-62
-23
-78
16
-73
45
-52
58
-23
57
6
43
27
24
39
3
41
-15
34
-26
23
-32
10
-31
-4
-26
-15
-16
-24
-3
-29
11
-28
24
-22
34
-10
36
7
30
24
15
38
-6
43
-28
37
-45
21
-52
-2
-46
-28
-28
-48
-2
-57
26
-53
49
-36
62
-9
60
21
43
47
15
62
-15
61
-41
45
-56
20
-56
-8
-41
-31
-19
-42
3
-38
16
-26
20
-12
14
0
4
2
-4
-4
-3
-16
8
-25
24
-23
36
-12
41
5
37
20
27
29
20
31
21
31
29
42
33
72
12
117
-49
161
-152
169
-276
110
-374
-35
-389
-252
-272
-489
-11
-662
355
-683
730
-493
990
-93
1017
439
747
962
206
1308
-486
1338
-1143
994
-1560
331
-1589
-490
-1185
-1241
-439
-1699
453
-1718
1241
-1281
1700
-506
1704
388
1262
1147
517
1566
-307
1549
-977
1136
-1324
477
-1289
-219
-933
-757
-403
-1014
126
-971
512
-698
682
-323
645
28
473
266
258
365
76
353
-38
288
-93
221
-121
179
-156
153
-209
117
-266
43
-293
-73
-254
-211
-140
-325
30
-369
208
-319
341
-182
384
7
324
190
182
312
6
342
-149
280
-241
160
-258
24
-210
-85
-129
-144
-48
-153
8
-129
35
-99
45
-79
55
-72
77
-67
109
-49
139
-6
147
60
118
132
48
185
-47
197
-139
157
-200
72
-209
-33
-164
-128
-79
-185
18
-189
98
-146
141
-74
141
2
107
58
59
84
16
82
-11
64
-20
44
-19
33
-19
32
-28
35
-48
32
-69
14
-80
-19
-71
-60
-38
-93
12
-106
65
-91
105
-50
118
7
101
63
58
102
2
115
-51
99
-87
62
-101
15
-92
-29
-67
-61
-35
-78
-3
-81
26
-75
50
-60
70
-40
83
-12
87
21
77
58
50
91
8
110
-43
109
-92
83
-125
35
-132
-26
-109
-86
-59
-128
6
-143
71
-124
119
-78
140
-15
130
49
91
100
36
127
-24
124
-72
97
-102
53
-108
4
-94
-39
-65
-69
-31
-83
2
-83
30
-72
50
-55
64
-34
73
-11
74
15
68
43
50
69
20
89
-20
95
-63
82
-98
49
-114
-1
-105
-56
-69
-101
-13
-124
47
-116
97
-79
122
-23
115
37
81
85
30
109
-24
104
-65
76
-86
35
-85
-6
-67
-38
-41
-56
-16
-61
5
-58
22
-51
36
-42
50
-31
64
-14
72
12
69
46
48
79
8
103
-44
104
-95
77
-129
25
-134
-42
-102
-107
-40
-150
39
-156
113
-122
162
-54
171
32
136
112
66
165
-21
177
-103
144
-158
77
-173
-8
-146
-88
-85
-143
-7
-162
69
-142
124
-89
147
-19
133
50
90
102
29
127
-33
120
-82
86
-109
36
-108
-18
-83
-62
-43
-89
3
-95
45
-80
75
-50
87
-12
82
27
61
59
28
80
-10
85
-48
73
-77
46
-92
8
-88
-34
-65
-72
-26
-97
21
-101
67
-83
100
-44
111
6
97
57
60
96
10
113
-43
104
-84
71
-104
25
-101
-23
-77
-63
-39
-86
2
-88
35
-72
55
-46
61
-20
57
1
48
17
38
26
28
33
20
39
7
46
-11
48
-31
39
-44
18
-42
-10
-21
-32
16
-35
52
-7
64
51
29
119
-60
163
-186
144
-304
38
-355
-151
-286
-377
-76
-564
248
-622
601
-487
868
-150
933
328
725
820
255
1169
-374
1236
-991
958
-1405
374
-1471
-374
-1138
-1079
-478
-1530
334
-1587
1068
-1224
1517
-541
1558
265
1194
965
546
1371
-186
1390
-793
1054
-1122
494
-1120
-108
-839
-581
-403
-818
37
-802
359
-594
506
-302
489
-31
367
150
218
225
99
221
32
188
2
165
-22
166
-69
176
-143
164
-224
106
-275
-3
-262
-140
-174
-262
-26
-325
139
-301
268
-195
324
-38
293
121
189
237
49
281
-84
251
-172
168
-206
67
-190
-22
-146
-83
-95
-114
-49
-125
-13
-126
22
-126
62
-122
109
-103
154
-60
180
9
171
91
121
167
35
214
-67
213
-160
161
-216
70
-222
-37
-176
-131
-94
-190
0
-203
83
-171
138
-111
158
-40
148
25
118
74
78
103
37
117
-4
119
-42
110
-79
89
-111
56
-130
9
-129
-46
-103
-99
-53
-138
13
-152
81
-132
134
-83
158
-13
146
59
102
117
38
146
-30
143
-86
110
-119
60
-125
5
-110
-42
-82
-75
-49
-95
-15
-104
19
-104
54
-97
91
-79
124
-45
145
8
143
73
108
138
39
185
-51
195
-142
159
-208
78
-227
-30
-189
-136
-102
-211
12
-232
120
-193
192
-106
208
2
169
98
90
156
0
163
-73
125
-110
61
-105
-4
-71
-47
-27
-59
6
-45
18
-20
9
0
-10
3
-22
-13
-16
-37
10
-53
47
-48
77
-17
85
32
60
81
7
110
-57
104
-111
61
-133
-8
-113
-80
-56
-131
21
-143
92
-112
136
-49
139
27
104
91
43
125
-23
123
-74
91
-100
41
-98
-8
-76
-44
-46
-63
-18
-68
4
-64
20
-58
36
-53
55
-44
76
-25
91
6
92
49
69
95
21
128
-43
135
-109
107
-155
46
-167
-34
-136
-113
-69
-169
19
-186
106
-156
167
-89
189
-1
167
87
107
152
25
181
-59
169
-127
122
-164
50
-166
-29
-132
-98
-72
-144
1
-157
71
-136
123
-86
145
-18
134
50
91
104
28
130
-37
122
-89
84
-114
28
-108
-30
-74
-74
-25
-94
25
-87
61
-58
76
-20
70
17
48
43
20
53
-4
50
-22
40
-32
27
-37
15
-39
3
-41
-9
-39
-24
-30
-42
-12
-58
16
-64
48
-56
75
-29
86
10
75
54
41
88
-8
100
-59
84
-94
43
-102
-10
-80
-58
-38
-87
12
-88
52
-64
70
-23
61
15
34
37
5
38
-15
22
-17
0
-3
-16
18
-16
34
1
34
26
18
46
-8
51
-29
41
-37
23
-32
11
-24
14
-30
31
-62
46
-118
33
-176
-29
-197
-143
-142
-284
9
-399
239
-425
491
-310
677
-46
708
325
527
704
140
968
-374
1005
-876
761
-1213
265
-1259
-369
-969
-969
-397
-1360
312
-1414
964
-1103
1377
-503
1435
219
1128
865
555
1261
-116
1316
-696
1040
-1040
541
-1084
-22
-860
-491
-471
-758
-50
-790
283
-631
464
-370
488
-105
401
93
269
196
149
222
68
208
21
192
-17
191
-71
196
-150
181
-233
120
-288
8
-281
-134
-196
-266
-46
-343
131
-332
281
-228
358
-61
338
121
232
265
73
334
-93
315
-220
222
-280
88
-269
-46
-204
-149
-111
-204
-15
-213
66
-186
122
-136
154
-76
164
-15
155
44
127
97
81
138
21
160
-45
156
-104
124
-144
69
-156
3
-139
-60
-99
-107
-46
-131
7
-132
51
-114
84
-86
106
-51
118
-11
119
31
106
77
74
119
22
148
-46
153
-115
124
-169
62
-188
-25
-161
-115
-90
-183
9
-208
109
-179
183
-103
209
-2
181
98
110
167
18
190
-68
167
-127
110
-149
41
-139
-21
-110
-64
-75
-88
-45
-99
-19
-106
9
-114
46
-119
95
-112
148
-79
190
-16
201
72
165
167
82
241
-37
269
-162
235
-260
141
-303
7
-276
-133
-185
-244
-53
-297
85
-282
196
-205
254
-91
253
29
201
128
116
187
24
201
-56
176
-111
126
-138
66
-140
8
-124
-41
-95
-79
-57
-104
-14
-115
32
-111
74
-89
105
-50
117
0
106
53
71
96
18
118
-40
112
-87
80
-114
28
-112
-30
-82
-78
-35
-105
18
-106
63
-82
91
-42
96
3
81
44
52
72
16
84
-19
79
-48
63
-67
38
-75
9
-73
-20
-61
-47
-40
-68
-11
-81
22
-82
55
-70
83
-44
99
-6
99
38
78
80
38
112
-14
123
-69
110
-115
73
-141
16
-139
-50
-107
-110
-50
-150
21
-162
92
-140
148
-87
174
-14
166
65
123
133
52
176
-30
183
-108
151
-164
88
-186
6
-168
-77
-115
-142
-39
-176
44
-170
113
-128
153
-61
157
14
127
79
71
121
7
130
-49
110
-86
69
-98
21
-87
-21
-60
-50
-29
-63
0
-60
22
-49
35
-35
42
-19
45
-4
44
13
37
31
22
49
-2
60
-32
59
-62
41
-81
7
-82
-36
-59
-78
-15
-105
41
-107
93
-79
125
-26
127
38
97
97
41
133
-26
138
-87
111
-126
59
-136
-4
-116
-60
-77
-99
-28
-116
19
-113
58
-92
83
-62
96
-29
99
4
94
37
78
70
49
97
9
112
-37
110
-79
86
-107
45
-110
-6
-87
-48
-49
-68
-12
-59
4
-31
-12
-3
-54
-1
-98
-43
-108
-129
-53
-232
80
-303
269
-291
457
-159
569
90
533
406
315
697
-62
856
-511
800
-907
500
-1115
7
-1044
-561
-680
-1043
-100
-1290
546
-1212
1079
-813
1344
-195
1265
474
864
1009
262
1266
-368
1188
-852
820
-1073
286
-999
-249
-690
-641
-266
-806
138
-741
414
-510
518
-216
466
42
321
201
159
250
38
221
-23
162
-36
117
-36
104
-53
112
-98
113
-158
81
-203
6
-201
-97
-140
-195
-29
-249
99
-238
205
-160
256
-39
238
88
160
185
52
226
-54
212
-131
155
-171
79
-174
5
-152
-56
-117
-100
-76
-130
-29
-152
27
-160
90
-147
150
-106
191
-35
197
53
159
140
80
202
-21
218
-117
182
-182
105
-201
10
-172
-77
-110
-133
-39
-151
22
-135
59
-102
75
-67
78
-42
82
-26
93
-9
107
18
111
62
91
115
39
162
-40
180
-129
153
-200
80
-226
-25
-194
-134
-108
-215
9
-242
125
-207
206
-120
233
-7
201
100
126
174
32
201
-57
182
-121
131
-153
66
-157
3
-141
-52
-114
-95
-77
-130
-30
-156
29
-170
100
-161
172
-120
227
-42
245
66
209
182
115
277
-24
320
-177
291
-306
187
-374
25
-355
-156
-249
-311
-78
-398
118
-393
288
-294
390
-126
400
69
317
243
164
354
-18
378
-184
315
-296
186
-331
27
-290
-122
-189
-227
-60
-269
64
-248
156
-177
201
-80
196
17
153
93
88
136
19
144
-40
125
-79
87
-97
43
-96
1
-82
-33
-59
-57
-31
-71
-2
-74
26
-67
49
-50
63
-26
68
2
60
30
42
52
16
64
-13
62
-36
49
-52
28
-56
4
-51
-18
-39
-34
-23
-44
-7
-49
10
-49
26
-45
43
-36
58
-20
69
3
70
33
57
66
27
95
-19
108
-72
98
-119
61
-146
0
-140
-73
-97
-139
-22
-179
68
-177
151
-130
202
-44
204
60
154
153
63
211
-47
217
-145
167
-205
75
-212
-33
-165
-128
-79
-185
20
-191
104
-148
152
-74
156
10
120
77
60
114
-3
114
-52
86
-76
42
-74
0
-54
-30
-27
-43
-3
-41
13
-30
20
-19
22
-9
22
-2
23
5
22
14
16
27
3
38
-18
42
-41
34
-60
12
-66
-21
-54
-56
-23
-83
20
-91
65
-77
98
-41
111
9
98
60
63
100
12
119
-42
113
-86
84
-113
40
-117
-11
-100
-56
-67
-90
-25
-105
16
-103
51
-87
77
-62
92
-31
97
2
92
36
76
67
50
93
13
111
-32
114
-78
96
-115
57
-130
3
-119
-53
-81
-97
-28
-114
23
-101
53
-66
52
-26
25
-5
-7
-17
-17
-62
19
-118
105
-146
221
-111
320
8
344
196
252
403
34
555
-270
576
-576
422
-782
103
-799
-311
-590
-704
-187
-952
309
-965
758
-717
1028
-266
1034
265
772
727
318
991
-194
990
-620
741
-851
331
-844
-112
-631
-463
-302
-642
35
-631
288
-474
409
-246
402
-28
309
125
186
197
77
202
4
172
-35
138
-59
113
-83
94
-113
67
-138
22
-142
-40
-113
-103
-52
-147
26
-155
96
-120
138
-55
138
17
103
74
51
101
2
97
-29
75
-41
51
-40
37
-42
35
-56
36
-81
25
-106
-8
-111
-61
-85
-120
-25
-163
57
-171
137
-134
192
-58
202
38
163
127
87
185
-4
200
-87
173
-145
115
-170
43
-164
-26
-136
-82
-94
-122
-45
-145
9
-152
64
-142
117
-112
158
-61
178
9
167
86
120
154
43
197
-49
200
-135
161
-195
85
-213
-11
-186
-104
-120
-173
-31
-204
60
-193
135
-145
179
-72
188
10
163
85
112
141
46
171
-26
174
-93
150
-146
102
-179
37
-184
-38
-159
-113
-104
-176
-24
-213
71
-215
164
-175
237
-94
270
19
249
144
169
253
40
319
-113
319
-257
244
-355
104
-377
-73
-312
-246
-167
-372
25
-416
218
-362
365
-220
426
-25
386
176
257
332
71
406
-124
382
-279
272
-359
106
-351
-70
-265
-213
-129
-294
18
-301
143
-242
220
-141
241
-26
211
77
145
149
62
183
-19
179
-87
145
-132
91
-151
27
-143
-36
-113
-91
-63
-128
-2
-141
59
-127
109
-88
136
-30
135
34
104
91
50
128
-14
135
-72
111
-112
65
-126
6
-112
-50
-75
-92
-25
-112
26
-107
67
-82
92
-43
98
0
85
40
59
70
24
86
-14
87
-49
72
-75
44
-86
8
-81
-30
-61
-63
-27
-83
12
-88
50
-74
78
-45
90
-6
85
34
62
69
26
91
-17
94
-57
80
-88
48
-102
4
-96
-43
-68
-84
-23
-108
30
-109
78
-84
110
-38
116
18
93
72
47
107
-11
116
-65
95
-102
50
-112
-7
-92
-59
-50
-94
3
-104
51
-87
84
-50
95
-5
84
38
58
69
22
85
-14
85
-47
73
-73
51
-90
20
-96
-16
-89
-55
-65
-93
-24
-121
31
-130
90
-114
140
-69
166
-1
158
77
113
147
36
189
-55
189
-138
145
-190
66
-197
-28
-158
-114
-85
-168
3
-178
78
-145
124
-85
132
-17
108
38
66
66
25
68
0
51
-5
31
4
23
13
31
10
49
-12
66
-47
68
-83
47
-105
4
-99
-46
-67
-87
-19
-104
26
-92
52
-60
52
-28
34
-14
19
-24
26
-52
67
-73
135
-60
200
7
223
125
169
263
29
369
-173
389
-382
292
-526
80
-542
-199
-405
-466
-135
-636
196
-646
496
-482
673
-184
675
163
504
460
213
625
-108
621
-368
464
-503
215
-494
-42
-372
-237
-194
-331
-24
-325
94
-252
147
-159
151
-83
136
-38
127
-15
132
7
141
47
132
107
86
169
1
207
-103
195
-192
125
-234
13
-209
-108
-123
-197
-3
-227
111
-187
182
-97
191
11
144
100
64
144
-17
137
-71
93
-88
36
-72
-8
-42
-27
-17
-22
-9
-6
-19
5
-39
0
-52
-23
-46
-56
-19
-85
24
-95
70
-81
105
-45
120
6
110
58
79
101
32
127
-22
133
-74
116
-118
80
-146
27
-150
-37
-127
-100
-75
-149
-3
-172
75
-159
141
-109
177
-33
172
52
126
124
53
163
-29
162
-97
123
-135
60
-138
-9
-110
-65
-64
-98
-14
-105
29
-92
59
-66
74
-35
78
-5
73
24
59
50
36
72
3
84
-35
81
-72
60
-96
21
-100
-27
-79
-75
-36
-108
20
-116
74
-96
114
-52
128
7
115
66
75
114
18
140
-46
138
-105
110
-149
57
-168
-14
-154
-90
-105
-158
-27
-199
69
-202
161
-157
226
-70
243
44
203
157
109
241
-17
270
-144
233
-239
138
-275
8
-244
-122
-155
-219
-32
-260
91
-237
185
-161
229
-54
218
54
162
141
78
189
-13
195
-93
163
-148
104
-173
31
-167
-44
-133
-109
-75
-154
-3
-172
71
-159
134
-115
173
-46
178
34
146
109
84
163
4
183
-76
166
-139
115
-172
42
-170
-36
-135
-103
-76
-146
-8
-160
58
-145
110
-104
140
-49
144
13
124
70
83
115
28
139
-35
139
-93
110
-134
59
-148
-8
-130
-77
-81
-132
-9
-158
69
-146
133
-96
166
-20
157
65
107
135
27
172
-60
165
-133
115
-171
36
-166
-51
-119
-123
-45
-162
37
-159
104
-119
142
-54
143
18
112
79
59
114
0
120
-51
99
-83
60
-93
15
-82
-26
-57
-54
-25
-67
5
-64
28
-51
42
-32
46
-13
44
4
38
17
31
28
21
37
9
45
-7
51
-28
51
-51
41
-72
20
-83
-14
-78
-54
-52
-92
-7
-116
49
-117
104
-89
142
-34
150
37
122
106
63
156
-16
172
-95
147
-153
87
-175
7
-156
-73
-102
-133
-29
-159
44
-147
99
-104
124
-45
119
12
92
53
55
74
22
77
-2
69
-17
60
-28
54
-41
50
-61
41
-82
20
-95
-17
-87
-63
-53
-104
3
-124
65
-110
113
-62
127
6
99
70
39
106
-30
97
-77
48
-80
-21
-35
-75
40
-85
109
-39
135
51
95
149
-9
210
-143
198
-257
102
-301
-55
-246
-222
-101
-337
92
-355
268
-263
368
-87
356
114
239
273
60
341
-118
302
-237
179
-264
25
-206
-104
-98
-166
9
-154
72
-90
77
-16
35
29
-17
25
-45
-18
-26
-71
33
-96
104
-72
148
1
137
95
66
171
-44
191
-150
142
-211
36
-201
-88
-121
-186
0
-222
119
-184
195
-89
204
29
148
126
54
173
-43
160
-109
101
-128
24
-102
-41
-51
-74
1
-70
32
-40
35
-3
15
21
-14
24
-37
5
-41
-25
-25
-53
7
-68
44
-63
76
-39
93
0
90
44
66
85
24
113
-29
120
-85
101
-130
56
-150
-10
-135
-82
-86
-142
-9
-172
76
-160
146
-105
181
-22
168
68
111
139
29
170
-54
154
-115
102
-138
31
-123
-35
-82
-78
-33
-92
8
-81
32
-58
40
-36
39
-22
40
-14
46
-6
53
9
53
34
37
62
3
82
-44
80
-86
49
-108
-5
-95
-67
-47
-115
24
-130
95
-102
142
-37
147
47
106
122
29
165
-60
161
-136
112
-176
31
-171
-59
-123
-134
-47
-176
38
-177
113
-141
163
-77
180
1
162
78
114
141
44
177
-36
182
-113
150
-169
88
-193
4
-177
-83
-121
-155
-37
-193
56
-187
134
-137
177
-58
178
30
137
105
69
148
-6
152
-68
123
-105
73
-114
19
-101
-26
-75
-56
-46
-72
-19
-77
6
-77
30
-72
55
-61
78
-40
94
-7
95
35
76
77
36
107
-16
116
-69
98
-107
57
-121
2
-107
-53
-70
-93
-20
-111
29
-104
67
-78
89
-40
94
-1
83
35
61
64
31
82
-4
89
-41
83
-75
61
-99
24
-106
-24
-88
-74
-46
-113
14
-129
79
-112
130
-63
151
8
134
85
79
145
-2
170
-87
152
-153
92
-181
6
-163
-83
-103
-152
-17
-182
72
-166
140
-109
171
-29
159
54
111
119
41
151
-32
145
-91
109
-123
52
-126
-8
-103
-60
-62
-93
-15
-104
29
-95
63
-70
82
-36
86
0
76
34
55
60
25
75
-7
79
-38
69
-63
49
-78
19
-81
-15
-69
-48
-44
-74
-9
-88
30
-87
65
-68
91
-35
101
8
90
53
60
90
14
112
-38
110
-86
83
-117
36
-123
-23
-100
-79
-52
-117
10
-128
69
-106
109
-59
120
1
100
56
56
92
4
99
-42
80
-67
43
-68
3
-49
-26
-22
-36
0
-30
10
-14
5
1
-7
5
-19
-3
-22
-19
-11
-35
9
-41
30
-34
43
-16
44
5
34
20
21
26
13
24
13
21
19
27
19
45
2
70
-37
85
-91
75
-141
27
-161
-53
-130
-145
-44
-215
80
-229
202
-169
279
-43
275
115
181
253
20
320
-157
287
-289
160
-331
-21
-264
-196
-112
-304
72
-309
224
-211
293
-48
257
119
137
231
-18
253
-150
183
-212
57
-188
-73
-97
-157
17
-167
107
-109
139
-13
105
75
27
119
-58
104
-112
40
-112
-43
-62
-107
17
-126
90
-94
129
-25
121
52
71
109
0
126
-64
102
-102
50
-104
-9
-76
-55
-33
-75
7
-70
33
-49
42
-23
38
-2
27
10
16
13
9
12
6
11
4
11
1
10
-2
9
-3
6
-2
4
0
4
2
8
-1
13
-9
17
-21
14
-31
3
-34
-16
-23
-35
-1
-46
26
-42
47
-22
53
8
40
38
10
55
-26
51
-52
25
-59
-12
-41
-47
-5
-65
36
-57
66
-27
73
16
53
55
15
77
-28
74
-63
48
-77
9
-68
-29
-44
-54
-13
-62
13
-56
30
-41
37
-26
38
-15
40
-7
45
2
50
16
50
39
37
65
9
86
-33
93
-78
77
-114
37
-128
-20
-112
-80
-67
-129
-2
-150
68
-139
125
-95
156
-30
153
42
118
105
60
144
-9
153
-72
131
-118
84
-139
25
-131
-36
-98
-85
-50
-112
2
-116
48
-97
78
-62
89
-21
80
16
58
41
32
52
9
49
-6
39
-11
29
-11
23
-10
24
-16
28
-28
30
-45
22
-60
3
-64
-25
-52
-56
-24
-80
15
-87
56
-74
87
-41
98
3
86
48
53
82
9
96
-36
87
-71
57
-86
16
-79
-25
-55
-57
-19
-72
17
-68
46
-48
60
-17
57
15
40
40
13
54
-17
51
-41
35
-54
8
-52
-21
-35
-46
-8
-60
24
-58
51
-41
68
-12
68
22
51
54
21
74
-16
77
-51
62
-75
32
-82
-7
-70
-44
-42
-71
-4
-82
33
-73
62
-49
75
-15
71
21
51
49
22
63
-9
62
-33
48
-47
26
-49
2
-41
-17
-26
-29
-11
-32
1
-29
8
-23
12
-18
14
-16
18
-15
25
-12
34
-4
40
11
38
32
24
53
-2
68
-38
67
-72
46
-94
7
-94
-43
-66
-90
-14
-119
48
-117
105
-81
137
-19
132
53
90
115
21
147
-57
139
-119
91
-148
18
-135
-59
-85
-117
-13
-140
58
-122
107
-72
122
-7
101
53
55
91
0
97
-45
75
-69
36
-68
-5
-48
-35
-18
-46
9
-39
24
-21
24
-1
13
12
-1
14
-12
7
-14
-4
-9
-14
0
-19
10
-17
17
-11
20
-4
20
1
22
6
24
14
24
26
16
42
-3
57
-35
62
-72
48
-103
10
-111
-48
-84
-111
-21
-156
67
-162
154
-117
208
-25
206
91
139
195
19
251
-118
234
-230
143
-277
2
-240
-146
-128
-251
25
-280
168
-221
255
-95
259
56
180
180
50
238
-84
214
-177
123
-200
2
-152
-103
-58
-157
42
-146
111
-82
126
5
86
78
14
109
-58
89
-101
30
-98
-40
-54
-93
11
-109
73
-84
107
-29
104
34
68
82
15
101
-36
89
-70
55
-80
13
-69
-24
-45
-47
-17
-54
5
-49
20
-37
28
-24
32
-12
32
0
29
11
21
21
10
28
-4
29
-17
23
-24
11
-25
-4
-18
-15
-7
-20
4
-19
11
-13
13
-6
12
-2
12
1
13
3
15
7
16
16
12
27
-2
37
-23
39
-45
28
-61
3
-62
-30
-44
-62
-9
-82
34
-81
73
-57
94
-15
92
33
66
73
23
95
-24
93
-62
70
-85
33
-88
-7
-73
-42
-47
-66
-15
-76
15
-74
41
-62
61
-43
75
-18
79
11
73
43
55
73
23
96
-20
104
-67
92
-108
58
-130
5
-126
-57
-92
-113
-32
-148
40
-151
107
-119
153
-57
163
20
136
93
77
144
2
160
-71
139
-123
87
-142
19
-128
-46
-86
-93
-31
-114
23
-105
63
-75
81
-33
77
8
56
39
25
53
-5
49
-26
32
-33
9
-26
-13
-9
-26
13
-25
31
-12
37
11
29
35
7
53
-24
56
-55
41
-75
10
-77
-29
-57
-67
-20
-91
26
-93
70
-72
97
-32
102
18
81
63
42
92
-6
98
-49
81
-77
46
-84
4
-70
-33
-41
-55
-8
-60
18
-47
32
-25
31
-3
18
11
1
12
-11
2
-12
-14
0
-28
20
-32
42
-22
55
2
54
32
36
60
4
75
-34
72
-66
50
-84
14
-81
-27
-59
-62
-23
-81
17
-81
51
-62
71
-29
73
8
57
40
29
59
-3
62
-31
49
-48
24
-50
-4
-37
-27
-15
-40
10
-38
28
-24
35
-2
28
18
10
31
-11
30
-28
17
-34
-5
-25
-26
-5
-38
20
-36
40
-19
47
9
37
37
11
55
-23
55
-52
35
-66
2
-60
-36
-33
-66
7
-76
48
-63
77
-30
84
15
66
58
27
85
-20
89
-63
68
-90
28
-93
-21
-71
-64
-31
-90
16
-94
58
-75
86
-39
93
5
80
46
50
75
12
88
-27
83
-59
63
-79
32
-84
-4
-74
-38
-51
-64
-20
-79
15
-79
46
-64
67
-38
75
-5
67
26
47
50
19
61
-9
57
-29
42
-37
21
-33
3
-22
-7
-10
-6
-7
3
-14
12
-31
12
-48
-2
-55
-31
-43
-66
-8
-94
43
-100
97
-77
135
-23
142
49
109
120
39
169
-51
175
-135
134
-190
52
-196
-49
-148
-142
-59
-199
48
-202
141
-150
194
-58
192
47
137
133
48
176
-45
166
-116
112
-145
33
-128
-43
-77
-94
-13
-106
40
-83
68
-39
64
7
38
37
3
43
-24
27
-33
0
-22
-24
0
-35
24
-29
38
-9
37
13
24
31
5
37
-12
32
-23
20
-25
8
-22
-1
-17
-6
-15
-9
-14
-12
-12
-17
-6
-23
5
-27
19
-25
32
-14
37
5
31
25
14
40
-10
43
-33
32
-47
10
-46
-18
-31
-41
-5
-52
24
-49
46
-31
56
-4
51
23
34
45
10
56
-15
54
-37
42
-51
23
-56
0
-52
-22
-40
-40
-22
-53
-1
-59
22
-56
43
-46
60
-28
70
-3
69
25
56
53
32
75
-2
85
-39
81
-72
60
-94
25
-99
-18
-84
-61
-51
-94
-5
-109
45
-101
86
-72
110
-26
110
25
87
72
46
102
-4
111
-52
96
-87
63
-104
18
-100
-28
-76
-67
-40
-91
2
-97
42
-86
72
-59
89
-24
89
15
74
50
46
75
11
86
-26
82
-58
62
-77
31
-82
-5
-70
-39
-44
-63
-12
-73
21
-67
46
-48
59
-21
57
7
43
30
22
42
0
42
-17
31
-25
16
-24
0
-16
-10
-4
-13
5
-9
9
1
5
10
-4
14
-14
12
-22
3
-24
-10
-18
-23
-5
-31
11
-31
24
-23
33
-10
34
6
27
19
16
28
3
30
-9
27
-17
20
-21
11
-22
3
-20
-4
-16
-8
-13
-11
-9
-13
-6
-14
-4
-15
-1
-17
3
-19
9
-20
17
-19
26
-15
33
-5
38
8
35
25
25
41
7
53
-18
55
-42
46
-61
24
-69
-5
-62
-37
-40
-62
-8
-75
27
-71
56
-51
72
-19
72
16
54
47
25
64
-8
66
-37
52
-54
26
-57
-4
-45
-29
-23
-45
2
-48
25
-38
38
-19
40
3
31
21
14
32
-4
33
-19
24
-27
9
-25
-6
-16
-17
-3
-21
9
-16
16
-5
14
7
5
15
-8
15
-19
7
-22
-8
-16
-23
-1
-32
19
-31
36
-19
45
3
40
28
22
47
-5
56
-33
48
-55
27
-63
-4
-55
-35
-32
-58
0
-67
33
-60
57
-37
68
-6
63
27
43
53
13
67
-19
65
-46
48
-62
22
-63
-9
-51
-35
-28
-52
-2
-55
20
-47
34
-31
39
-13
36
2
28
10
22
14
19
15
19
19
18
26
13
37
-1
49
-23
54
-50
47
-75
25
-88
-10
-83
-52
-57
-90
-12
-114
42
-116
93
-90
130
-42
141
20
122
82
76
132
11
156
-60
148
-121
108
-159
44
-163
-31
-133
-101
-74
-150
1
-166
75
-147
131
-95
156
-25
146
46
105
102
45
131
-18
129
-68
100
-96
55
-99
8
-84
-30
-57
-53
-29
-61
-6
-59
10
-51
21
-44
31
-36
41
-27
50
-13
55
7
50
29
35
49
10
61
-18
58
-42
42
-53
16
-50
-11
-34
-30
-12
-36
6
-29
15
-15
12
-1
2
5
-10
0
-13
-13
-5
-28
15
-34
38
-27
54
-4
55
29
36
59
0
76
-42
70
-77
41
-91
-5
-78
-53
-42
-88
9
-99
60
-82
94
-41
102
11
82
60
42
91
-7
98
-51
80
-80
46
-89
4
-78
-35
-53
-62
-21
-75
10
-74
37
-62
57
-43
69
-19
73
8
68
36
52
63
24
83
-13
91
-53
83
-89
55
-110
12
-109
-40
-83
-87
-37
-119
21
-126
77
-105
118
-59
132
1
117
61
76
106
19
126
-39
118
-85
85
-110
35
-108
-17
-84
-60
-46
-86
-3
-91
34
-77
59
-51
69
-19
65
11
51
34
31
47
9
52
-12
48
-29
38
-40
23
-45
5
-43
-14
-32
-31
-16
-41
3
-44
22
-38
36
-24
43
-6
41
13
31
30
16
41
-3
44
-21
39
-37
27
-46
9
-46
-12
-38
-32
-20
-47
3
-52
27
-46
46
-29
55
-5
51
22
34
43
10
53
-17
50
-38
35
-48
12
-46
-13
-32
-32
-12
-42
10
-40
27
-29
36
-12
36
6
28
22
15
32
-1
35
-17
31
-29
20
-35
6
-35
-11
-27
-25
-14
-35
3
-38
18
-33
30
-23
36
-8
35
6
29
17
20
25
11
29
2
31
-6
31
-16
29
-26
25
-36
17
-43
4
-46
-14
-40
-33
-25
-50
-2
-59
24
-57
47
-43
62
-19
65
10
54
37
32
57
4
64
-24
58
-46
41
-57
16
-57
-11
-44
-33
-24
-47
0
-51
22
-43
37
-27
43
-7
39
12
27
27
11
34
-5
33
-18
25
-25
14
-28
2
-25
-9
-19
-18
-10
-25
1
-28
14
-27
26
-20
35
-7
37
11
31
29
15
44
-9
50
-34
43
-55
24
-64
-6
-58
-38
-35
-64
0
-77
38
-72
70
-48
87
-10
84
33
60
69
22
91
-22
91
-62
71
-86
34
-91
-9
-76
-48
-44
-75
-5
-84
32
-74
59
-48
70
-15
64
18
45
42
19
53
-8
50
-28
35
-36
15
-32
-5
-20
-18
-3
-21
10
-14
15
-1
11
13
-2
21
-19
19
-34
6
-38
-15
-30
-38
-8
-55
23
-59
54
-45
76
-14
79
25
62
64
25
91
-22
96
-67
77
-98
38
-106
-13
-88
-61
-49
-94
0
-105
46
-91
80
-58
93
-15
85
26
61
56
29
71
-3
70
-29
57
-44
38
-49
17
-47
0
-42
-14
-34
-24
-25
-33
-14
-41
0
-46
18
-45
37
-37
52
-20
59
4
54
32
34
55
5
66
-27
61
-53
40
-66
9
-60
-24
-38
-49
-7
-59
24
-51
44
-29
48
0
37
24
15
37
-8
35
-24
20
-28
0
-19
-16
-2
-22
13
-16
20
-1
16
14
2
23
-16
21
-29
7
-30
-13
-18
-31
3
-40
27
-34
44
-15
48
12
36
37
13
52
-16
53
-41
39
-56
14
-56
-15
-42
-40
-19
-54
7
-56
30
-47
45
-29
52
-8
50
12
42
29
29
43
13
52
-7
55
-28
52
-49
41
-66
20
-74
-9
-68
-42
-47
-71
-12
-90
30
-90
70
-70
97
-32
103
16
86
62
48
95
-1
106
-49
92
-84
57
-98
11
-89
-35
-59
-70
-18
-86
23
-80
55
-56
71
-22
70
13
52
42
25
59
-5
60
-31
49
-48
28
-53
3
-47
-20
-32
-37
-12
-45
8
-43
25
-34
35
-20
38
-4
35
10
27
22
16
29
5
32
-7
31
-18
27
-27
18
-33
6
-33
-8
-28
-22
-16
-33
0
-38
18
-34
33
-22
40
-3
37
18
23
35
2
43
-20
39
-38
23
-45
0
-39
-23
-22
-40
1
-47
24
-40
41
-22
46
1
39
24
22
39
-1
44
-22
36
-35
20
-39
0
-32
-19
-17
-31
0
-33
16
-27
26
-15
29
0
24
14
14
23
1
27
-13
24
-23
14
-27
1
-25
-12
-16
-23
-2
-28
12
-26
24
-17
30
-4
28
11
20
24
5
31
-11
30
-25
21
-32
6
-31
-11
-21
-25
-5
-32
11
-30
24
-20
29
-5
27
9
18
20
6
25
-6
22
-14
16
-17
7
-16
0
-12
-5
-9
-7
-6
-7
-6
-8
-5
-11
-2
-14
4
-16
13
-15
21
-9
25
2
22
15
13
25
-2
29
-16
24
-26
11
-27
-4
-19
-17
-5
-22
8
-18
15
-7
14
5
5
13
-8
13
-17
3
-18
-11
-9
-24
7
-28
25
-22
36
-6
36
16
24
34
3
43
-20
39
-38
23
-44
1
-37
-21
-21
-35
-1
-38
17
-32
28
-18
30
-2
24
12
14
20
2
21
-7
17
-13
9
-14
1
-11
-6
-5
-10
2
-11
9
-7
13
0
12
9
6
17
-5
21
-18
18
-29
8
-34
-9
-29
-28
-13
-44
12
-50
38
-43
60
-21
68
11
58
45
31
72
-7
82
-47
71
-78
41
-90
-1
-79
-44
-49
-77
-6
-90
36
-80
68
-52
81
-13
73
26
49
54
16
66
-15
60
-37
42
-46
18
-42
-4
-31
-18
-18
-24
-7
-24
0
-20
4
-17
6
-16
10
-15
16
-13
23
-8
28
2
27
16
19
30
3
38
-17
37
-35
25
-45
4
-43
-20
-27
-40
-2
-49
25
-43
44
-23
50
5
39
31
15
47
-13
47
-37
31
-48
5
-42
-23
-22
-42
5
-47
30
-35
43
-12
41
14
25
33
2
39
-20
31
-32
13
-31
-8
-18
-24
1
-28
18
-20
27
-4
24
14
10
27
-8
30
-25
21
-33
4
-32
-15
-20
-29
-3
-35
14
-32
26
-21
31
-8
29
5
23
14
16
20
10
23
3
24
-3
26
-12
26
-23
24
-34
16
-43
1
-44
-19
-34
-40
-14
-55
14
-60
43
-50
64
-26
72
8
62
43
35
69
-3
79
-41
69
-70
40
-82
1
-72
-38
-44
-68
-6
-81
33
-73
63
-47
77
-11
71
27
49
57
16
72
-20
69
-49
50
-65
20
-65
-13
-50
-41
-24
-57
6
-60
32
-48
48
-26
52
0
44
22
27
37
7
43
-12
38
-25
28
-32
14
-33
0
-29
-11
-22
-21
-14
-27
-3
-31
9
-32
22
-28
33
-18
41
-3
41
16
32
34
14
48
-10
52
-34
43
-52
23
-59
-5
-51
-33
-29
-55
2
-63
33
-55
57
-31
66
2
57
36
31
61
-4
69
-40
59
-65
31
-73
-7
-60
-43
-31
-68
7
-75
43
-62
68
-33
75
4
63
38
37
62
3
70
-29
62
-52
40
-62
12
-58
-16
-42
-39
-19
-51
5
-52
27
-42
41
-24
45
-2
39
18
25
32
6
39
-13
35
-27
23
-34
7
-32
-10
-22
-23
-8
-30
7
-30
19
-23
27
-11
29
2
25
14
17
24
6
29
-7
29
-19
24
-28
14
-32
0
-30
-14
-21
-26
-7
-33
8
-32
21
-25
30
-13
32
1
27
14
18
23
7
27
-4
27
-14
22
-21
14
-24
5
-24
-4
-20
-12
-14
-18
-7
-22
1
-23
10
-21
16
-16
21
-9
23
-1
22
7
18
15
11
20
3
23
-5
23
-13
20
-20
14
-23
5
-24
-4
-21
-13
-14
-20
-5
-24
6
-23
14
-18
19
-10
19
-1
17
6
12
10
6
11
2
11
0
9
-1
8
-2
7
-3
8
-6
8
-9
8
-13
5
-15
0
-15
-6
-13
-12
-9
-17
-2
-20
6
-21
14
-18
22
-13
27
-4
28
7
25
19
16
29
3
36
-13
36
-29
29
-40
15
-45
-4
-40
-25
-26
-41
-5
-50
17
-48
37
-36
50
-16
51
8
42
30
24
45
2
50
-20
44
-36
30
-44
10
-42
-10
-31
-25
-15
-34
1
-34
15
-27
23
-16
24
-3
19
7
11
12
3
12
-3
9
-5
4
-3
-1
1
-2
4
-1
5
3
4
6
0
8
-3
7
-5
4
-5
1
-3
0
-1
1
0
4
-3
7
-9
7
-15
3
-18
-5
-16
-16
-8
-25
5
-29
20
-24
30
-12
33
4
27
19
14
29
-2
30
-15
24
-22
12
-22
0
-16
-9
-8
-12
-1
-11
2
-7
2
-4
1
-4
1
-5
3
-7
7
-6
11
-3
13
3
10
10
4
15
-5
16
-14
11
-18
2
-16
-8
-9
-16
2
-18
11
-13
16
-4
14
6
7
13
-3
14
-11
8
-14
-1
-11
-10
-2
-16
9
-15
18
-7
21
5
15
18
3
25
-12
23
-24
13
-29
-3
-23
-20
-9
-30
10
-31
27
-21
35
-2
32
18
18
34
-4
40
-25
32
-39
14
-41
-9
-31
-29
-11
-41
11
-40
30
-27
38
-8
34
12
21
26
4
30
-10
24
-18
12
-17
0
-10
-8
-2
-9
5
-4
5
3
0
9
-8
10
-16
4
-18
-6
-14
-17
-4
-24
9
-24
21
-17
28
-4
27
11
18
23
4
29
-12
27
-24
16
-28
1
-24
-14
-13
-25
3
-27
17
-21
27
-9
28
7
21
21
7
31
-10
32
-26
24
-36
9
-39
-10
-31
-29
-15
-42
7
-47
29
-40
46
-23
53
1
48
26
31
46
6
56
-20
52
-42
36
-53
13
-51
-12
-38
-33
-18
-45
3
-46
21
-37
33
-23
38
-7
36
9
28
22
17
30
4
35
-10
34
-24
28
-35
16
-41
0
-39
-18
-28
-35
-10
-47
13
-48
35
-39
50
-19
55
6
47
31
28
50
2
58
-24
53
-46
37
-57
13
-56
-14
-44
-37
-24
-52
1
-56
25
-50
44
-35
54
-12
54
12
43
34
24
50
-1
55
-25
49
-44
33
-53
9
-51
-16
-38
-36
-17
-49
7
-49
28
-39
41
-21
44
0
37
20
22
32
4
35
-11
30
-20
19
-22
7
-19
-3
-13
-8
-7
-9
-3
-8
-1
-6
-2
-5
-2
-5
-2
-6
0
-7
2
-7
5
-7
6
-5
7
-4
8
-2
9
-1
11
2
12
6
11
11
7
17
-1
21
-11
21
-20
15
-26
5
-26
-8
-20
-19
-9
-25
4
-25
14
-19
19
-10
18
-1
14
6
9
8
5
7
4
6
4
7
4
9
1
13
-5
15
-13
13
-20
7
-23
-4
-20
-16
-10
-26
4
-28
18
-24
27
-13
30
2
25
15
15
23
4
26
-7
24
-14
19
-19
12
-21
5
-22
-2
-21
-9
-18
-16
-11
-23
-2
-27
10
-26
21
-20
28
-10
29
4
23
15
13
22
1
23
-8
19
-13
12
-13
4
-10
0
-7
-2
-6
-1
-7
-2
-8
-4
-7
-8
-3
-11
3
-12
10
-9
14
-2
13
7
6
14
-4
15
-14
10
-20
-1
-17
-14
-7
-23
8
-26
22
-19
31
-5
30
12
21
27
5
34
-13
33
-27
22
-34
7
-32
-10
-23
-24
-9
-31
6
-30
19
-23
27
-11
28
3
22
16
11
24
-3
25
-15
19
-22
8
-22
-5
-15
-16
-4
-22
9
-20
18
-11
21
0
17
12
8
19
-4
19
-13
14
-18
4
-17
-6
-10
-14
-1
-16
8
-13
14
-6
15
3
10
12
2
16
-8
15
-16
8
-19
-3
-16
-14
-6
-22
8
-24
21
-17
29
-3
28
15
17
30
-1
37
-22
32
-38
16
-42
-6
-34
-29
-14
-43
11
-45
33
-33
45
-12
45
13
32
33
11
43
-12
41
-29
29
-37
10
-35
-8
-24
-22
-10
-28
3
-26
13
-19
17
-9
16
0
11
6
5
7
1
5
0
2
1
0
4
0
6
3
5
8
1
11
-6
11
-12
7
-14
-1
-11
-9
-3
-14
7
-14
14
-7
17
4
12
15
0
21
-13
20
-25
11
-30
-4
-26
-19
-14
-32
3
-37
20
-33
34
-21
41
-4
39
14
30
30
15
40
-3
43
-20
38
-34
28
-43
11
-44
-7
-37
-25
-23
-39
-4
-45
16
-41
31
-30
39
-12
38
6
30
21
16
30
1
30
-12
24
-19
14
-20
4
-16
-5
-10
-10
-3
-10
2
-8
4
-4
4
-1
3
2
1
3
-1
2
-2
2
-2
1
-3
0
-3
-1
-3
-1
-4
-3
-4
-5
-3
-7
-1
-10
4
-12
10
-11
16
-7
20
0
21
10
16
20
7
27
-6
30
-20
26
-30
15
-36
0
-33
-16
-23
-30
-8
-38
10
-37
25
-29
35
-14
37
3
30
19
18
29
3
33
-12
29
-23
19
-28
6
-26
-8
-18
-19
-6
-24
7
-23
18
-15
23
-3
21
10
12
20
-1
24
-15
20
-25
9
-28
-6
-21
-22
-7
-31
11
-32
28
-22
37
-5
35
15
24
31
5
39
-15
37
-30
25
-37
7
-35
-10
-25
-23
-12
-30
2
-30
12
-24
19
-17
22
-9
22
-1
21
6
18
13
13
19
5
23
-5
24
-15
21
-23
12
-26
0
-23
-12
-14
-21
-2
-25
10
-21
18
-13
21
-1
17
9
9
15
0
15
-8
11
-11
5
-11
-2
-7
-6
-2
-8
2
-6
5
-3
5
0
4
2
1
3
-1
3
-2
2
-3
1
-3
-1
-3
-2
-2
-4
0
-5
3
-6
7
-5
10
-2
12
3
11
10
6
15
-2
18
-11
17
-19
11
-22
2
-21
-9
-15
-17
-6
-21
3
-20
10
-16
13
-10
13
-4
11
0
10
1
9
1
11
2
13
5
14
12
10
20
2
26
-11
27
-24
22
-34
9
-36
-8
-29
-25
-14
-37
5
-40
23
-32
35
-16
38
3
30
21
15
32
-3
34
-19
26
-29
12
-29
-5
-22
-19
-9
-27
7
-27
19
-19
26
-6
25
8
17
20
5
25
-9
24
-19
16
-24
5
-23
-6
-17
-16
-8
-21
2
-22
11
-19
17
-13
21
-5
21
3
18
11
13
18
5
22
-4
23
-14
20
-22
13
-25
3
-24
-9
-18
-18
-8
-24
3
-24
12
-19
17
-11
18
-3
16
4
11
7
7
8
5
8
4
8
4
9
2
12
-2
15
-9
16
-17
13
-24
5
-26
-7
-21
-19
-11
-29
4
-32
19
-27
31
-15
35
2
30
18
17
31
0
35
-17
30
-28
18
-32
2
-28
-13
-17
-24
-4
-28
9
-25
18
-17
22
-7
21
3
16
11
9
15
2
15
-4
13
-7
9
-8
6
-8
3
-8
1
-8
0
-8
-2
-8
-4
-8
-7
-6
-10
-2
-14
3
-15
10
-14
16
-10
21
-2
21
7
17
17
8
24
-3
27
-16
24
-26
14
-32
1
-30
-15
-20
-29
-4
-37
14
-36
31
-26
42
-8
42
14
31
34
10
46
-14
47
-36
35
-49
13
-50
-13
-37
-36
-15
-49
11
-49
33
-37
45
-16
44
8
33
27
15
36
-4
36
-18
26
-24
13
-23
0
-17
-8
-9
-11
-4
-10
-1
-7
-1
-6
-2
-6
-1
-9
3
-11
8
-10
13
-6
16
2
13
10
7
16
-3
17
-11
13
-16
4
-15
-5
-9
-13
-1
-15
8
-13
14
-6
15
2
12
10
6
15
-2
16
-9
14
-15
9
-18
2
-18
-5
-16
-13
-10
-20
-1
-25
11
-25
23
-20
32
-8
34
8
28
25
14
38
-7
42
-28
35
-43
17
-47
-7
-37
-30
-17
-45
8
-47
31
-36
44
-16
44
8
32
28
13
38
-7
37
-22
27
-29
11
-27
-3
-20
-14
-10
-18
-1
-17
6
-13
8
-8
8
-4
7
-1
6
1
5
1
5
3
4
4
3
5
0
6
-2
5
-4
3
-4
1
-3
-1
-1
-1
0
0
0
1
-1
2
-4
2
-6
0
-6
-3
-5
-7
-1
-10
4
-10
9
-8
13
-3
14
4
11
10
6
15
-2
17
-10
16
-16
10
-20
2
-20
-7
-16
-16
-7
-22
4
-24
15
-21
24
-11
28
2
24
16
13
26
-3
30
-18
25
-29
11
-31
-6
-24
-23
-7
-33
12
-32
29
-21
37
-2
33
19
18
34
-3
39
-24
32
-37
15
-39
-7
-30
-26
-11
-37
9
-36
25
-25
32
-9
30
8
20
21
7
25
-6
23
-14
15
-17
6
-15
-2
-11
-7
-6
-9
-3
-9
0
-8
2
-8
4
-8
7
-8
11
-5
14
0
14
6
10
13
3
17
-5
18
-14
14
-19
6
-20
-3
-16
-12
-9
-17
0
-18
8
-15
12
-9
13
-2
11
3
7
5
3
5
2
4
2
2
4
2
5
4
5
8
2
12
-4
15
-12
13
-19
7
-22
-3
-19
-14
-10
-23
2
-26
15
-22
24
-11
26
2
21
15
10
23
-3
24
-14
17
-20
7
-19
-4
-12
-12
-3
-15
4
-12
8
-6
7
0
3
3
-1
3
-4
-1
-2
-6
3
-9
10
-8
16
-3
17
7
14
16
4
23
-8
24
-19
19
-27
8
-29
-5
-23
-18
-13
-27
1
-30
14
-26
23
-17
27
-5
25
7
19
16
9
21
0
22
-9
18
-14
12
-17
6
-16
-1
-14
-6
-10
-11
-6
-14
0
-15
6
-14
12
-10
15
-4
16
3
13
10
6
15
-2
16
-9
13
-14
6
-14
-2
-10
-8
-4
-10
1
-8
3
-5
3
-2
0
-1
-1
-4
1
-7
6
-9
14
-7
20
1
20
14
12
26
-3
33
-22
30
-38
16
-44
-7
-37
-31
-17
-48
10
-52
36
-41
53
-17
55
12
41
38
17
52
-11
52
-34
38
-46
16
-45
-8
-33
-26
-15
-36
3
-35
16
-27
23
-15
24
-3
20
6
14
11
8
14
3
14
-2
12
-6
10
-8
7
-9
3
-9
0
-7
-3
-5
-5
-4
-6
-2
-6
0
-7
2
-7
6
-7
9
-4
12
0
12
7
9
13
1
18
-8
18
-18
13
-23
3
-23
-10
-16
-21
-4
-26
10
-25
21
-17
25
-4
23
8
15
17
4
20
-6
17
-11
9
-12
1
-8
-4
-2
-5
1
-3
2
1
0
4
-5
4
-8
1
-9
-4
-6
-9
-1
-12
6
-11
11
-7
13
-1
12
5
8
10
2
13
-3
12
-8
9
-11
5
-12
1
-12
-4
-10
-9
-6
-13
-1
-15
6
-16
13
-13
18
-7
20
2
19
11
13
18
3
23
-7
22
-16
17
-21
8
-22
-2
-19
-11
-12
-17
-3
-20
5
-18
12
-14
16
-7
17
0
15
8
10
13
3
17
-5
17
-12
13
-18
6
-19
-4
-15
-13
-7
-19
4
-20
14
-15
19
-6
19
5
14
14
4
18
-6
16
-13
9
-14
1
-11
-7
-3
-11
4
-10
10
-4
10
4
6
10
-2
13
-11
11
-17
4
-18
-6
-14
-15
-5
-22
6
-23
17
-18
24
-9
26
3
22
15
13
23
2
26
-10
24
-19
16
-23
6
-22
-5
-16
-13
-8
-16
0
-16
5
-12
8
-8
8
-4
6
-1
5
-1
5
0
6
0
7
2
7
5
5
8
2
10
-2
10
-6
8
-8
5
-9
1
-8
-2
-6
-4
-5
-5
-3
-6
-2
-7
0
-7
3
-7
6
-6
8
-4
9
0
8
4
5
6
1
7
-2
6
-4
4
-4
2
-4
1
-3
0
-3
-1
-3
-1
-3
-3
-1
-4
1
-5
5
-4
8
-1
8
4
5
9
-1
12
-8
11
-14
6
-16
-3
-13
-11
-6
-17
3
-18
11
-14
16
-7
17
1
13
8
7
11
2
12
-2
10
-4
7
-4
5
-4
4
-5
4
-6
4
-9
3
-11
0
-12
-5
-10
-11
-6
-16
1
-18
9
-17
16
-13
22
-5
23
5
20
15
12
22
0
26
-12
24
-22
16
-27
4
-26
-9
-18
-20
-6
-26
7
-25
18
-18
23
-7
23
6
17
16
7
21
-4
21
-13
16
-18
8
-19
-1
-16
-9
-9
-15
-2
-17
5
-16
11
-12
14
-6
15
0
13
6
10
10
5
12
0
12
-3
11
-6
9
-8
7
-9
5
-11
3
-13
0
-14
-5
-13
-12
-8
-18
0
-22
11
-21
21
-15
27
-3
26
10
18
22
5
28
-9
26
-20
18
-25
6
-23
-7
-16
-16
-6
-20
4
-18
11
-13
13
-6
13
1
10
5
6
8
2
8
-1
7
-3
6
-4
4
-5
2
-5
0
-4
-2
-2
-3
0
-3
1
-2
1
0
0
0
-2
-1
-2
-2
0
-4
3
-5
6
-3
8
1
7
6
3
9
-3
10
-8
7
-11
1
-10
-5
-5
-10
1
-12
8
-9
12
-4
12
4
9
10
2
13
-5
13
-11
9
-14
3
-14
-4
-11
-10
-6
-14
1
-15
7
-13
11
-9
14
-4
14
1
12
6
9
9
6
11
2
12
-1
12
-4
11
-7
10
-11
8
-14
5
-16
0
-16
-7
-14
-13
-8
-19
1
-21
11
-19
19
-13
23
-3
21
9
14
17
3
21
-8
19
-16
11
-18
1
-15
-8
-7
-14
2
-14
8
-10
11
-3
10
3
5
7
1
7
-2
5
-2
2
-1
1
1
3
0
6
-3
8
-9
7
-14
3
-17
-5
-14
-14
-7
-22
5
-24
17
-20
26
-11
28
3
24
16
14
25
1
28
-12
25
-21
16
-25
4
-23
-7
-16
-15
-8
-19
1
-19
8
-15
12
-9
13
-3
12
2
9
6
5
7
1
7
-1
5
-2
3
-1
1
1
2
2
4
1
7
-2
9
-7
9
-13
6
-16
-1
-15
-9
-10
-16
-1
-20
8
-18
16
-12
19
-2
17
7
10
14
1
16
-7
12
-12
5
-11
-3
-7
-9
0
-11
7
-9
11
-3
12
3
10
9
5
13
-1
15
-8
14
-13
10
-16
5
-18
-1
-18
-8
-14
-15
-8
-21
1
-24
11
-23
21
-17
27
-6
28
7
21
19
10
27
-4
28
-16
21
-24
10
-24
-4
-17
-15
-6
-21
7
-20
16
-13
21
-2
19
10
12
19
1
23
-10
21
-19
15
-24
5
-25
-6
-21
-16
-13
-23
-3
-27
8
-26
17
-22
24
-14
27
-4
27
6
23
15
16
22
8
26
-2
27
-11
24
-19
19
-24
11
-26
1
-25
-8
-20
-16
-12
-22
-3
-24
5
-23
12
-19
17
-13
20
-6
21
1
19
8
15
15
9
19
1
22
-8
21
-16
16
-21
8
-23
-1
-21
-11
-14
-19
-4
-24
7
-24
17
-18
24
-9
26
4
22
16
13
25
0
29
-13
26
-25
18
-31
5
-31
-10
-24
-23
-11
-32
4
-35
20
-30
32
-19
38
-3
37
14
28
30
12
40
-6
42
-24
36
-37
22
-43
4
-41
-15
-30
-31
-14
-41
5
-42
22
-35
34
-21
38
-4
34
13
23
24
9
29
-4
27
-13
20
-17
11
-17
3
-14
-3
-10
-6
-7
-7
-4
-8
-2
-8
1
-8
4
-8
7
-6
9
-2
9
3
6
7
1
10
-5
9
-9
5
-11
-2
-8
-8
-2
-12
5
-12
11
-7
13
0
11
7
5
12
-1
12
-7
9
-9
4
-8
0
-6
-3
-4
-4
-3
-3
-3
-4
-3
-6
-1
-8
3
-10
9
-10
14
-5
17
2
15
11
8
19
-2
22
-13
19
-21
10
-24
-2
-20
-13
-11
-21
1
-23
12
-19
18
-10
19
0
16
8
9
13
2
13
-3
11
-6
8
-7
4
-6
2
-5
1
-5
1
-5
0
-7
-1
-7
-4
-7
-7
-4
-11
1
-12
7
-11
12
-7
15
0
13
7
8
12
1
14
-6
13
-11
8
-12
1
-10
-5
-5
-8
0
-8
3
-6
4
-3
3
0
1
0
0
-1
1
-2
3
-3
6
-2
8
1
8
6
4
11
-1
13
-8
12
-15
8
-18
0
-17
-9
-12
-17
-3
-21
7
-21
16
-17
23
-8
25
4
21
15
12
23
0
27
-12
24
-22
16
-27
4
-25
-9
-18
-19
-7
-24
4
-24
13
-19
19
-11
21
-2
19
6
15
12
9
16
3
18
-4
18
-10
16
-16
11
-20
4
-21
-5
-17
-14
-9
-20
2
-22
11
-18
18
-9
19
1
14
9
6
14
-2
13
-8
8
-9
1
-7
-4
-2
-7
3
-5
6
-2
5
3
2
5
-2
5
-4
2
-5
-1
-2
-4
2
-5
6
-3
8
2
6
8
1
11
-6
12
-12
8
-16
1
-16
-8
-11
-15
-3
-20
6
-20
15
-16
21
-8
23
2
21
13
13
22
3
27
-10
26
-22
20
-30
8
-32
-7
-27
-22
-14
-34
4
-38
22
-33
36
-20
42
0
38
20
25
36
5
44
-16
40
-32
28
-40
10
-38
-9
-28
-24
-14
-32
1
-31
12
-25
18
-16
20
-8
19
-1
16
3
14
7
12
10
10
14
5
17
-2
19
-10
18
-17
13
-21
5
-20
-4
-16
-12
-8
-17
0
-17
6
-13
9
-8
10
-3
8
0
6
1
4
1
4
1
5
2
5
4
4
6
1
8
-3
9
-6
7
-9
3
-9
-2
-6
-6
-1
-8
4
-7
7
-3
8
2
5
7
0
9
-5
9
-9
5
-11
0
-10
-5
-7
-10
-3
-12
2
-12
6
-10
10
-7
12
-4
13
0
13
5
11
10
7
14
1
17
-7
16
-14
12
-18
5
-19
-3
-16
-12
-8
-17
1
-19
9
-15
14
-9
15
-1
12
6
7
9
2
9
-2
7
-3
4
-2
2
-1
1
0
3
-1
4
-4
5
-8
4
-11
0
-12
-7
-8
-13
0
-17
9
-17
17
-10
21
0
19
11
11
20
-1
24
-14
20
-22
10
-24
-3
-19
-16
-8
-23
6
-24
17
-17
24
-5
23
8
16
18
5
24
-8
23
-18
16
-23
6
-23
-5
-18
-15
-10
-22
1
-24
10
-21
19
-16
24
-7
26
4
23
15
15
25
3
30
-11
30
-25
23
-34
9
-36
-8
-29
-25
-14
-36
5
-39
23
-33
36
-18
40
2
34
21
20
34
1
38
-16
33
-28
21
-33
6
-30
-9
-21
-19
-11
-23
-1
-24
6
-21
12
-17
17
-13
21
-7
24
0
24
10
20
21
10
30
-4
34
-21
31
-35
19
-41
1
-38
-19
-25
-36
-5
-44
16
-41
33
-29
41
-10
40
9
30
25
15
33
0
34
-13
28
-20
19
-23
9
-22
1
-20
-5
-17
-9
-14
-14
-10
-18
-5
-21
3
-23
11
-21
19
-17
25
-8
27
2
25
13
19
22
8
28
-4
30
-16
26
-26
17
-31
5
-31
-9
-24
-21
-12
-30
2
-32
15
-28
26
-19
31
-6
30
8
23
20
13
27
1
29
-11
26
-19
19
-24
9
-25
0
-22
-9
-17
-16
-10
-21
-2
-23
7
-22
15
-18
21
-11
24
-1
23
10
16
19
5
24
-7
23
-17
16
-22
5
-21
-7
-14
-16
-3
-20
8
-19
16
-12
20
-3
19
7
13
15
6
19
-3
20
-11
17
-17
12
-21
5
-22
-3
-21
-12
-15
-20
-7
-26
4
-27
16
-24
25
-16
30
-4
28
9
21
20
10
26
-2
26
-12
21
-18
12
-19
3
-16
-4
-12
-8
-7
-10
-4
-10
-1
-10
2
-11
6
-11
10
-8
15
-3
16
4
13
13
5
20
-6
21
-18
16
-25
5
-26
-9
-18
-22
-4
-29
12
-27
24
-17
29
-2
25
13
14
22
0
24
-12
18
-18
8
-16
-4
-9
-11
1
-13
9
-9
13
0
11
9
4
15
-5
16
-14
12
-20
4
-21
-6
-17
-15
-9
-21
1
-23
10
-21
17
-15
21
-8
22
0
20
8
16
14
10
18
4
21
-3
21
-10
19
-17
15
-22
9
-25
1
-24
-9
-20
-18
-12
-25
0
-29
12
-27
23
-19
29
-7
29
7
22
19
10
27
-4
27
-16
21
-23
10
-24
-3
-18
-14
-7
-21
5
-21
15
-14
20
-4
19
8
11
17
1
20
-10
18
-18
11
-21
0
-18
-9
-11
-17
-2
-20
7
-19
14
-13
18
-5
18
3
14
10
8
15
1
15
-5
13
-9
8
-10
3
-9
-1
-6
-3
-4
-4
-2
-3
-1
-2
-2
-2
-2
-2
-2
-4
0
-4
1
-5
3
-4
4
-1
4
1
1
3
-2
2
-4
-1
-3
-5
0
-9
6
-10
14
-7
19
0
20
11
14
23
2
30
-14
30
-29
22
-38
6
-38
-13
-29
-30
-12
-41
8
-42
26
-33
38
-18
40
1
35
18
23
30
7
35
-8
34
-21
27
-30
16
-33
2
-31
-13
-23
-25
-9
-33
7
-34
22
-27
33
-14
36
4
30
20
16
32
-1
36
-18
30
-29
17
-33
1
-29
-13
-18
-24
-6
-28
6
-26
15
-20
20
-12
22
-4
22
4
20
11
16
18
10
24
0
29
-12
29
-25
24
-35
12
-40
-4
-37
-22
-25
-37
-7
-46
14
-46
33
-37
46
-20
51
1
46
23
32
40
12
49
-9
49
-28
39
-40
23
-44
5
-40
-12
-30
-25
-18
-32
-5
-34
5
-31
14
-27
21
-22
27
-15
32
-6
34
5
33
18
26
31
12
41
-6
44
-24
40
-40
26
-47
7
-46
-13
-36
-31
-19
-42
0
-44
17
-39
30
-28
37
-14
39
1
35
15
27
27
15
35
0
38
-16
36
-30
27
-39
12
-41
-6
-34
-24
-20
-37
-2
-42
17
-38
32
-25
39
-8
38
10
29
25
15
35
-2
38
-18
34
-31
23
-38
7
-39
-10
-31
-27
-17
-39
2
-44
22
-40
39
-26
48
-6
46
17
33
36
13
47
-9
47
-29
38
-42
20
-45
-1
-39
-20
-25
-33
-8
-39
9
-37
23
-28
30
-15
32
0
27
13
17
21
6
25
-5
23
-13
17
-17
8
-16
0
-13
-6
-7
-9
-3
-9
0
-7
1
-5
1
-4
1
-5
2
-7
6
-7
10
-5
14
0
13
8
9
14
1
18
-8
17
-16
11
-19
2
-18
-8
-11
-14
-3
-17
5
-14
10
-9
11
-3
8
1
5
3
2
2
2
1
3
-1
6
0
7
3
6
7
3
11
-2
12
-8
10
-12
6
-13
1
-11
-5
-8
-8
-4
-9
0
-8
2
-6
2
-5
2
-5
3
-5
4
-6
7
-5
10
-3
12
1
12
6
9
12
4
16
-3
17
-10
15
-16
9
-19
2
-18
-6
-14
-13
-7
-17
1
-18
8
-15
12
-10
14
-4
14
1
12
6
8
9
4
11
0
10
-3
9
-6
7
-7
4
-8
1
-8
-1
-6
-4
-4
-6
-2
-7
1
-7
3
-6
6
-4
7
-1
7
2
6
6
3
8
-2
9
-6
7
-9
4
-11
-1
-9
-6
-5
-10
0
-12
5
-11
10
-7
12
-3
12
2
10
7
7
11
2
13
-3
13
-9
11
-14
7
-17
1
-16
-7
-12
-15
-4
-19
7
-19
16
-14
21
-4
20
7
13
15
3
19
-7
16
-13
9
-14
0
-9
-7
-2
-9
4
-7
7
-1
5
5
0
8
-6
7
-10
3
-11
-4
-8
-9
-2
-12
3
-12
8
-9
10
-5
10
-1
9
2
9
4
7
7
5
10
2
13
-4
14
-10
12
-16
6
-18
-2
-16
-11
-8
-18
2
-20
12
-17
20
-8
21
3
17
14
8
21
-4
23
-15
18
-23
9
-25
-3
-22
-15
-13
-24
-1
-29
13
-28
25
-20
32
-8
34
7
29
22
17
34
1
39
-17
36
-32
26
-41
10
-42
-8
-35
-26
-21
-39
-2
-44
17
-41
33
-31
43
-14
45
5
38
24
24
37
6
43
-13
40
-27
29
-34
14
-34
-1
-27
-13
-18
-20
-8
-21
-2
-19
2
-16
4
-15
6
-16
11
-17
19
-16
28
-10
34
2
34
18
25
34
8
45
-13
47
-34
37
-48
19
-52
-4
-45
-27
-29
-43
-8
-50
13
-48
30
-37
41
-21
44
-4
42
13
34
27
21
38
6
44
-12
43
-29
36
-43
22
-49
2
-47
-20
-34
-39
-13
-52
11
-53
35
-43
51
-23
57
4
49
30
30
50
4
59
-24
54
-47
37
-59
11
-58
-17
-45
-43
-21
-59
9
-63
37
-53
58
-32
68
-2
63
30
43
56
13
71
-21
70
-51
53
-70
24
-72
-11
-58
-42
-31
-63
1
-67
31
-57
50
-34
56
-6
48
18
31
35
11
40
-7
36
-19
25
-23
13
-22
2
-18
-5
-13
-9
-9
-11
-5
-13
-1
-14
4
-13
9
-11
13
-7
15
0
14
6
10
12
3
15
-3
14
-9
11
-12
6
-12
1
-10
-3
-8
-6
-6
-8
-4
-9
-1
-10
2
-11
6
-11
10
-9
14
-5
15
0
15
6
12
12
7
16
0
18
-7
17
-13
14
-18
8
-20
1
-19
-7
-15
-15
-8
-20
2
-21
11
-18
18
-11
20
0
17
9
8
16
-2
17
-12
11
-16
1
-13
-10
-4
-17
7
-17
18
-11
23
1
21
14
11
24
-3
28
-16
25
-27
14
-31
1
-28
-13
-19
-24
-7
-29
6
-29
17
-23
24
-13
26
-3
24
7
18
15
11
20
3
21
-4
20
-10
17
-15
13
-18
7
-20
1
-20
-6
-17
-14
-11
-20
-2
-24
8
-23
18
-18
25
-8
26
4
22
15
12
24
-1
26
-13
22
-21
13
-24
1
-20
-11
-11
-18
0
-20
9
-17
16
-9
17
0
13
8
7
13
-1
14
-7
11
-11
6
-11
0
-9
-4
-6
-7
-2
-8
1
-7
3
-6
4
-5
5
-4
6
-2
7
-1
7
2
7
4
5
7
2
9
-2
9
-6
7
-9
3
-9
-1
-6
-4
-3
-6
0
-5
3
-3
3
0
1
2
-1
2
-3
1
-4
-1
-3
-4
-1
-5
1
-6
3
-6
4
-5
6
-4
7
-3
9
-1
11
2
11
7
9
12
4
17
-4
19
-13
16
-19
9
-22
0
-19
-10
-12
-18
-3
-20
6
-17
12
-11
13
-3
10
3
5
5
0
4
-2
1
-1
-3
3
-6
8
-5
12
-1
14
6
11
13
4
19
-4
20
-13
18
-21
11
-25
2
-24
-8
-20
-18
-12
-25
-1
-29
11
-28
22
-22
30
-11
33
2
30
15
21
26
8
33
-6
34
-20
28
-29
17
-33
3
-31
-10
-23
-21
-12
-27
0
-27
10
-23
16
-17
19
-9
19
-3
17
2
15
6
13
9
12
12
9
16
5
20
-2
23
-11
23
-20
19
-28
11
-32
-1
-31
-15
-24
-27
-11
-36
5
-38
20
-34
33
-23
39
-8
39
9
32
24
20
35
4
39
-12
38
-27
29
-36
15
-39
-1
-35
-18
-23
-31
-7
-38
11
-36
26
-27
35
-11
36
7
28
23
13
33
-5
35
-21
28
-32
14
-36
-3
-30
-20
-17
-33
0
-38
19
-35
34
-23
42
-5
41
14
31
31
15
42
-5
45
-24
39
-39
25
-46
6
-44
-14
-34
-31
-17
-42
2
-44
20
-38
33
-25
38
-8
36
9
26
22
13
29
-1
29
-12
23
-19
13
-19
3
-15
-6
-9
-10
-2
-10
2
-7
3
-3
2
0
-1
1
-3
0
-3
-3
-1
-5
2
-6
5
-5
7
-2
8
2
7
6
3
9
-1
10
-6
9
-10
6
-13
2
-14
-5
-12
-12
-6
-18
4
-21
14
-18
24
-10
28
2
25
17
15
29
-1
34
-19
30
-33
18
-38
-1
-32
-20
-17
-33
3
-36
21
-28
32
-12
32
7
22
22
5
29
-12
26
-24
14
-28
-2
-22
-17
-9
-27
7
-28
21
-21
29
-8
30
7
24
21
12
30
-2
32
-15
29
-26
20
-32
8
-32
-6
-27
-18
-18
-27
-6
-32
7
-31
18
-25
25
-16
28
-6
27
4
24
12
18
19
11
23
3
26
-5
26
-14
24
-23
19
-30
10
-33
-3
-30
-17
-21
-29
-7
-36
9
-36
24
-27
34
-13
35
4
28
19
14
28
-2
30
-16
23
-23
10
-23
-4
-15
-15
-4
-19
8
-17
16
-9
17
2
13
11
5
16
-4
16
-11
11
-14
4
-13
-3
-9
-7
-4
-8
0
-7
1
-4
0
-3
-1
-3
-1
-5
0
-8
4
-9
9
-7
13
-3
14
3
11
9
6
13
-1
14
-6
11
-10
7
-10
2
-8
-2
-5
-4
-2
-4
-1
-2
-1
0
-3
1
-5
0
-6
-3
-5
-6
-3
-10
1
-12
6
-12
11
-10
16
-6
18
1
18
9
14
16
7
22
-3
25
-13
22
-22
16
-27
5
-27
-7
-22
-18
-13
-25
-1
-28
10
-25
19
-18
24
-7
23
3
18
12
10
16
2
17
-5
14
-8
9
-9
4
-8
0
-5
-3
-2
-3
0
-2
1
0
1
3
-1
4
-4
5
-8
5
-11
2
-14
-4
-13
-11
-10
-18
-1
-24
10
-25
23
-21
33
-10
37
6
32
24
19
38
0
44
-21
40
-37
26
-44
6
-41
-14
-29
-30
-11
-38
6
-36
20
-26
26
-13
24
0
17
8
9
10
4
7
3
3
7
1
12
3
14
10
12
20
3
28
-11
31
-26
26
-38
14
-43
-4
-40
-22
-28
-38
-9
-48
11
-48
30
-40
44
-25
50
-5
48
15
38
32
23
44
4
50
-16
47
-33
37
-45
20
-49
0
-44
-21
-29
-37
-10
-44
11
-42
27
-29
35
-12
32
6
22
19
7
24
-6
20
-14
11
-15
-1
-10
-9
-1
-13
7
-11
12
-5
13
3
10
9
5
12
0
13
-4
12
-8
10
-10
8
-14
5
-16
0
-17
-6
-15
-14
-9
-21
1
-24
12
-23
21
-16
26
-5
26
8
19
18
8
24
-4
23
-13
17
-18
7
-16
-3
-10
-10
-2
-11
5
-8
8
-1
6
6
0
10
-8
9
-15
3
-16
-6
-12
-16
-2
-22
10
-22
20
-15
26
-3
25
11
17
22
4
28
-10
27
-21
19
-28
6
-27
-8
-20
-20
-8
-26
5
-27
17
-21
25
-10
27
3
22
15
12
23
0
26
-12
22
-21
14
-24
2
-22
-9
-15
-18
-5
-22
6
-20
14
-14
17
-6
16
3
11
9
5
12
-2
10
-5
6
-6
2
-4
-2
-1
-3
2
-2
4
0
4
4
1
6
-2
7
-5
6
-8
3
-8
-1
-7
-4
-4
-6
-2
-6
0
-5
0
-4
-1
-4
-1
-6
1
-8
4
-10
10
-11
16
-7
21
-1
22
9
19
19
10
28
-3
32
-17
29
-29
20
-36
5
-35
-10
-26
-24
-13
-32
1
-33
13
-27
21
-18
24
-8
23
2
18
10
12
14
5
16
-2
14
-6
11
-9
6
-9
1
-7
-4
-3
-6
2
-6
5
-3
7
2
5
7
0
9
-6
9
-10
5
-12
-1
-10
-7
-5
-11
2
-11
7
-8
9
-2
8
3
3
7
-3
6
-7
3
-8
-3
-5
-9
1
-12
8
-11
14
-6
16
1
15
9
10
16
2
20
-7
20
-16
16
-22
7
-24
-3
-21
-14
-13
-22
-1
-26
11
-24
20
-17
26
-6
25
6
19
16
9
22
-2
22
-11
18
-16
10
-17
2
-14
-5
-10
-9
-4
-10
0
-9
3
-6
3
-3
2
-2
1
-2
0
-3
1
-4
3
-4
5
-3
6
-1
6
1
5
3
3
5
2
4
1
4
1
3
2
4
2
6
1
10
-4
12
-10
12
-17
8
-22
0
-23
-11
-17
-22
-6
-29
8
-31
21
-25
31
-14
33
1
29
15
19
25
7
30
-6
28
-16
22
-21
13
-22
3
-20
-5
-15
-10
-9
-13
-4
-14
1
-13
4
-10
6
-7
7
-5
6
-3
6
-2
6
-1
6
-1
8
0
9
2
10
5
9
9
6
14
0
17
-7
18
-15
16
-22
9
-26
0
-26
-12
-20
-23
-10
-31
4
-34
19
-30
31
-21
38
-6
37
10
30
25
17
35
2
39
-14
36
-27
27
-35
14
-37
0
-33
-14
-25
-25
-14
-32
-1
-34
12
-32
23
-24
31
-13
33
0
29
13
20
24
7
28
-6
27
-16
20
-21
9
-21
-3
-14
-12
-5
-16
4
-14
11
-8
14
0
11
9
5
15
-4
17
-13
14
-19
7
-22
-3
-19
-13
-12
-21
-1
-24
9
-23
18
-16
22
-6
21
4
15
11
8
14
1
13
-3
8
-3
4
-1
1
3
2
6
6
4
11
-1
16
-10
17
-19
13
-26
4
-28
-8
-23
-20
-13
-30
1
-34
16
-31
29
-21
35
-6
35
10
27
25
13
34
-4
36
-21
30
-32
16
-36
-1
-31
-19
-18
-31
0
-36
17
-32
31
-20
37
-2
34
15
23
30
7
37
-11
35
-25
27
-34
12
-35
-3
-29
-17
-18
-26
-5
-29
6
-27
15
-21
20
-12
21
-4
19
3
16
8
11
12
7
13
2
14
-2
13
-7
11
-10
8
-11
3
-11
-2
-8
-6
-4
-8
1
-7
4
-4
6
0
4
4
0
7
-4
7
-9
5
-12
0
-13
-6
-10
-13
-5
-18
3
-20
13
-19
21
-14
28
-4
29
9
25
22
14
33
-2
38
-19
35
-34
24
-43
6
-42
-14
-32
-32
-14
-43
6
-44
25
-36
38
-21
42
-1
37
17
25
31
8
38
-9
36
-24
27
-32
13
-33
-3
-27
-18
-15
-27
0
-29
14
-25
23
-14
25
-1
21
12
11
20
-1
22
-12
17
-18
7
-18
-4
-12
-13
-3
-17
7
-15
14
-7
15
2
10
10
1
13
-7
11
-12
3
-11
-5
-5
-12
3
-13
11
-9
15
0
13
10
6
16
-4
17
-13
13
-18
3
-17
-7
-11
-14
-2
-17
7
-14
12
-8
13
0
10
6
5
9
-1
8
-4
6
-6
2
-4
-2
-2
-4
1
-4
4
-2
4
1
3
4
0
6
-3
6
-7
4
-9
0
-8
-5
-4
-10
1
-12
8
-10
13
-5
15
2
13
10
6
16
-3
18
-12
14
-18
7
-19
-3
-15
-13
-7
-19
3
-19
12
-15
17
-6
17
3
13
11
5
15
-3
15
-10
11
-13
4
-13
-3
-9
-9
-3
-12
3
-11
8
-8
11
-4
11
2
9
6
6
9
2
10
-2
10
-6
9
-8
6
-10
3
-11
-1
-11
-5
-8
-9
-5
-12
0
-13
5
-13
9
-10
13
-7
15
-2
15
4
13
9
9
14
3
17
-3
17
-10
15
-15
11
-19
5
-20
-1
-19
-8
-16
-15
-11
-21
-3
-25
7
-27
17
-25
28
-18
35
-6
37
9
32
25
20
39
1
45
-19
43
-37
31
-47
12
-48
-10
-38
-30
-20
-43
1
-45
21
-38
33
-23
37
-6
33
11
22
21
9
26
-3
23
-11
17
-14
9
-13
1
-9
-3
-5
-5
-1
-4
1
-2
0
0
-1
2
-3
2
-5
0
-5
-2
-4
-4
-2
-6
0
-6
2
-6
4
-4
4
-2
4
-1
3
-1
3
-1
3
-1
4
0
5
0
6
2
6
4
5
6
4
8
2
10
-1
11
-5
12
-10
11
-15
9
-20
3
-22
-5
-20
-14
-14
-23
-4
-30
9
-31
22
-26
32
-15
36
0
34
16
24
29
9
36
-7
36
-22
29
-32
17
-35
1
-31
-14
-21
-26
-8
-32
7
-31
20
-24
28
-13
30
1
27
14
18
24
5
29
-9
29
-20
22
-28
11
-30
-3
-25
-16
-15
-25
-1
-28
11
-24
20
-15
22
-3
18
6
11
12
3
13
-2
9
-4
5
-3
1
0
1
2
2
1
5
-2
7
-6
6
-9
2
-8
-3
-5
-7
1
-8
5
-4
6
1
3
7
-4
9
-11
5
-15
-2
-14
-12
-6
-20
5
-23
17
-19
25
-10
28
2
25
14
17
24
6
28
-5
28
-15
25
-23
18
-29
9
-31
-2
-30
-14
-24
-25
-12
-34
3
-38
19
-34
33
-23
40
-7
38
12
28
27
13
35
-4
35
-19
28
-27
15
-29
1
-24
-11
-15
-18
-5
-21
5
-19
12
-13
15
-5
14
2
10
8
4
11
-2
10
-6
6
-7
1
-5
-4
0
-5
4
-3
6
1
4
6
-2
9
-8
8
-14
2
-15
-6
-11
-15
-2
-20
10
-20
19
-13
23
-2
21
10
14
19
3
22
-7
20
-14
13
-17
5
-15
-2
-12
-7
-7
-9
-3
-9
-1
-9
1
-8
3
-7
5
-7
7
-5
10
-3
11
1
11
5
8
9
4
13
-1
14
-7
13
-13
10
-17
3
-17
-4
-14
-12
-8
-17
0
-19
9
-17
16
-12
19
-3
18
6
13
13
5
17
-3
16
-9
11
-12
5
-11
-1
-8
-5
-3
-6
1
-5
3
-3
3
1
1
3
-2
4
-5
2
-7
-1
-7
-5
-5
-9
-1
-12
6
-12
12
-9
16
-3
16
4
13
12
7
16
-1
17
-8
14
-13
9
-13
2
-12
-3
-9
-6
-6
-6
-3
-6
-2
-6
-2
-7
-1
-8
1
-9
5
-9
9
-8
12
-5
14
0
14
6
11
12
6
15
-1
17
-7
15
-12
12
-15
7
-17
1
-17
-4
-15
-10
-12
-16
-6
-20
2
-23
11
-22
19
-17
26
-9
30
2
28
14
22
26
10
34
-5
36
-20
32
-32
22
-39
7
-39
-9
-32
-24
-20
-35
-4
-39
11
-37
24
-29
33
-18
37
-4
35
10
29
22
18
31
6
35
-8
34
-20
29
-29
18
-34
5
-33
-8
-26
-20
-15
-28
-2
-30
9
-27
18
-20
23
-11
23
-1
21
7
16
14
9
18
2
20
-6
19
-13
15
-19
9
-21
0
-20
-10
-13
-19
-3
-23
9
-22
19
-16
25
-5
24
8
17
19
6
25
-6
25
-17
19
-24
9
-25
-3
-21
-14
-12
-21
-2
-24
9
-22
17
-16
21
-7
22
2
19
10
14
16
7
20
-1
21
-9
20
-16
16
-22
9
-25
-1
-24
-11
